0 0 7 0
200
33 -43
0 8
-6 -19
43 -5
-30 16
17 47
-30 23
-14 -19
-40 24
44 10
13 1
-26 -31
25 41
-34 25
-27 26
-4 10
6 -32
-40 -9
-45 -49
47 -24
-6 -34
-7 6
-2 15
1 -40
-45 -6
27 42
12 1
-8 21
-47 -14
38 -31
-1 -37
45 0
-12 -34
21 -30
-28 -26
8 43
35 43
-11 46
9 -37
23 0
33 -2
-2 10
0 -46
10 -47
-8 36
15 5
11 6
15 -20
-39 6
-5 32
-45 -10
-30 -45
-44 -48
-24 10
44 -43
-29 -35
-10 -7
37 -23
-12 -22
-3 -33
-17 26
49 4
11 5
44 31
-4 -36
4 -29
3 32
-13 -17
10 17
-19 -28
-6 20
-4 30
20 4
19 -25
-1 9
17 -2
-21 3
-16 42
32 -17
-45 49
-2 -17
40 -48
-7 17
0 9
-16 -11
3 48
43 -39
42 1
-43 -15
-37 8
-43 -29
9 -38
1 21
-27 -12
12 -32
1 -24
-2 -4
23 -25
-26 -46
8 -27
-6 48
44 -9
-33 24
-47 26
-38 4
-42 14
6 41
18 48
-25 -29
46 29
40 32
-5 -21
46 0
43 -5
-5 -29
-36 7
-4 -6
30 41
33 10
32 -6
-47 27
33 10
4 -21
-30 -21
-31 -30
0 46
8 26
-18 -4
-22 11
-7 31
42 -32
38 9
28 -26
23 2
0 35
-14 -26
-4 14
-24 -21
24 -26
-37 -38
19 -25
20 -28
5 24
26 29
-11 27
24 -11
33 -5
-38 -20
-38 21
18 -14
-17 38
46 28
34 42
21 -18
-12 -48
18 -4
39 -49
24 21
-35 -43
-31 -4
-33 34
-38 34
-13 -39
-47 -26
40 13
29 32
-46 0
28 -45
-49 -35
42 -32
45 -34
2 -4
37 45
-37 -37
-37 -7
-38 -33
-39 -9
47 19
-38 48
41 0
-35 -2
19 -40
-42 10
-27 25
0 3
9 6
25 -46
-8 26
34 -16
-4 -43
-19 -9
-32 7
-23 -18
-3 8
35 20
-30 20
25 21
-13 -26
-23 7
-11 22
