50 50
0
0
0
0
0
0
0
0
0
0
0
0
0
0
0
0
0
0
0
0
0
0
0
0
0
0
0
0
0
0
0
0
0
0
0
0
0
0
0
0
0
0
0
0
0
0
0
0
0
0
6
4
1
3
5
1
5
2
5
1
3
3
6
5
2
6
3
6
5
2
4
5
5
3
4
6
1
5
1
5
2
1
4
3
5
4
3
5
2
2
6
6
4
2
3
1
3
1
4
6
30 30
0
5
4
7
1
7
0
8
1
8
3
5
8
3
3
4
6
2
0
6
6
9
3
0
6
2
8
3
6
0
6
2
1
5
6
6
1
2
6
6
5
6
4
1
5
2
4
4
5
1
2
2
6
5
5
6
3
3
5
3
1000 400
0
884
695
932
223
743
93
149
211
234
697
877
455
453
937
577
665
621
691
370
447
5
483
235
640
442
712
908
276
237
352
773
258
-30
740
278
410
26
-15
722
954
-9
605
622
851
379
361
695
308
212
606
769
642
538
456
649
830
807
455
634
30
885
479
620
338
544
914
904
76
474
755
396
559
491
693
383
145
129
448
740
424
212
495
141
-15
595
592
137
775
848
714
771
667
480
675
310
683
681
6
644
668
833
202
455
220
-84
-49
511
99
697
615
741
587
226
420
813
650
858
171
808
217
-85
186
756
395
438
58
558
555
-41
-14
789
141
148
-123
76
171
33
358
125
618
210
208
740
321
429
-51
666
575
538
-139
42
244
-69
473
5
225
34
776
396
241
149
88
16
806
241
660
739
443
686
657
225
363
249
658
-144
350
178
593
295
815
685
-165
528
-121
-6
392
494
140
79
518
452
510
-109
213
70
493
610
-33
705
545
337
293
694
434
466
-62
625
237
139
520
473
625
679
-135
492
628
97
154
71
125
200
-138
-142
13
41
652
579
587
-78
29
448
-208
325
-111
82
606
241
77
382
735
659
467
70
593
-9
462
676
-69
251
36
-203
114
453
-173
503
231
-150
282
-143
195
191
284
331
-246
472
405
267
531
326
367
657
498
-126
599
-56
-159
272
-123
395
167
69
348
433
403
695
363
706
248
-62
281
-247
125
-123
-279
106
-60
3
-22
257
-263
334
484
179
648
-233
217
624
302
105
198
294
212
289
27
267
567
-61
-145
-36
-164
52
-31
-222
-243
-63
360
152
167
593
87
103
633
-96
518
-158
-98
293
0
-18
100
201
102
149
-138
199
-200
479
290
-347
283
452
290
128
-324
403
-83
-326
245
117
64
468
620
-202
543
-126
155
-70
470
-71
89
-90
564
455
-34
-226
26
519
-26
237
157
-329
356
7
484
437
368
-64
583
381
234
171
553
-191
-384
311
-396
-354
-105
-18
352
-79
-317
119
-210
178
283
415
-202
337
543
-194
37
-384
-308
68
-191
-132
41
148
-103
-54
483
56
65
448
434
303
-405
99
-417
-28
-386
73
519
-105
-295
549
-399
-413
-149
-33
198
-143
217
209
195
-163
-390
-79
194
-221
502
-216
72
-338
-288
247
421
236
390
224
377
314
-49
109
403
352
-71
525
-443
-154
-74
-195
255
-464
-256
-180
205
189
484
-28
316
-405
-387
43
-341
130
163
76
-33
-216
502
102
351
153
-397
384
-162
-345
102
-165
-138
37
-440
-89
-289
14
104
191
-399
164
385
-177
129
-450
27
412
453
-328
-369
30
53
-369
-424
-171
140
-76
25
139
-359
16
197
-202
-84
78
-448
-260
-44
-402
78
-346
-525
76
-242
342
-74
-329
-547
-19
197
356
-492
131
139
400
-49
265
-377
21
-145
-148
-86
-525
-201
-22
-270
-369
358
-336
-379
111
101
-43
-368
-57
-514
55
-6
-270
370
-552
-497
-573
-277
16
-362
-133
-48
-251
-532
-216
-431
-174
-425
2
-252
252
97
347
-293
24
-178
357
-32
-344
190
44
232
-36
-63
-310
-304
-213
-148
-275
-551
7
292
172
-29
-298
288
-427
367
-44
-434
202
-486
-195
-512
88
-135
-226
344
-52
-273
-344
292
255
249
-112
111
-390
165
5
93
-500
-367
-296
-96
231
-538
-582
-522
196
121
-316
-426
-294
-603
167
-274
-148
159
199
-3
-338
-166
-392
-650
-161
-29
302
-208
-444
-80
-251
-672
-462
-460
-307
-71
272
-638
-254
-441
89
-135
-222
-126
-285
-90
-427
-167
-644
21
-432
-408
-587
-260
-492
215
262
-609
15
-542
-571
-589
-285
-482
-543
-535
258
67
-340
167
49
-402
-51
-340
249
-710
-198
113
-46
177
173
-549
-453
-219
-235
243
-340
246
-598
-561
-347
-87
-696
-196
-293
-398
-106
-556
-616
76
-704
161
-394
-491
-164
206
-255
-208
205
-327
-33
-668
195
80
169
139
224
-60
-34
-69
-434
-56
-359
-534
59
-84
-677
-733
-600
-742
5
132
-634
-85
-73
-151
-275
-511
-39
-437
-396
-333
-195
-751
-87
-313
-127
14
-714
-109
-539
119
139
103
157
-129
-47
26
-566
-425
-5
-651
-800
-767
122
-108
-786
-393
146
38
-494
-84
-303
-549
-175
-63
-467
-779
82
-182
34
-191
-670
-217
-816
-346
-1
-653
-33
104
-70
-812
97
-586
-134
-801
-339
-294
-485
-794
-672
-745
-242
-607
-482
16
-516
-198
-509
-841
-241
-233
-155
-92
-500
-96
-630
-83
-845
-410
-235
-200
56
-393
-266
-406
62
-341
-344
-786
-335
-526
-690
-543
-306
-722
-221
-670
-607
-355
-362
-247
-850
-364
-403
-563
-64
-842
-726
-682
-256
-575
-154
-554
-141
-815
-45
-691
-237
-579
82
-442
-857
-741
-742
-150
-839
-445
-878
-207
-30
-370
9
-71
-533
-444
-916
-765
-565
-303
-357
-348
-674
-297
-849
-605
-621
-316
-635
-280
-123
-576
-179
-466
-924
-182
-695
-845
-769
42
-671
-251
-40
-103
-250
-178
-266
-359
-710
-271
-728
-752
-524
-778
-816
-572
-887
-406
-932
-83
-104
-617
-811
-188
-679
-87
-212
-22
-542
-414
-924
-502
-686
-296
-50
-807
-487
-841
-491
-736
-829
-812
-877
-730
-593
-757
-64
-52
-994
-376
-719
-609
0
5
5
2
6
1
1
6
1
1
6
3
5
3
5
1
1
4
3
6
4
1
6
3
6
2
4
2
5
3
2
6
2
2
2
4
5
3
4
1
2
3
2
3
2
1
2
3
6
3
4
5
3
1
6
2
6
2
6
5
4
6
2
3
4
2
4
4
1
1
2
1
6
2
4
4
2
3
3
2
3
1
4
5
3
1
1
3
4
6
6
6
4
4
6
6
6
2
3
3
3
5
4
3
5
1
3
5
5
5
1
2
2
6
2
4
5
6
2
6
4
6
5
6
6
6
4
6
3
4
1
3
6
3
5
2
6
4
1
1
4
4
6
1
2
5
4
3
3
5
1
1
3
4
1
4
4
3
5
5
5
2
2
4
6
5
2
3
1
2
3
2
5
5
1
5
6
6
6
2
4
3
1
5
1
4
2
6
2
4
6
5
4
6
6
3
6
3
5
3
5
1
6
6
2
4
3
1
2
5
2
4
4
4
6
6
4
2
3
4
3
3
2
2
3
5
4
4
1
4
6
1
2
6
1
1
2
4
3
3
1
2
6
3
6
3
3
3
2
2
5
4
5
4
5
4
6
2
5
3
5
4
2
4
6
2
5
2
5
2
2
6
2
5
4
3
3
4
6
4
5
4
3
6
2
5
3
3
2
1
6
3
6
6
2
4
5
5
5
3
6
3
4
6
5
1
2
3
2
4
2
6
3
3
5
2
1
4
2
3
4
6
4
6
4
1
6
1
1
3
5
4
6
4
6
1
5
1
2
5
2
3
5
3
3
4
4
5
2
2
3
3
4
6
1
1
3
5
5
5
4
6
4
5
2
6
1
2
4
2
5
2
3
1
1
4
3
5
5
5
3
4
6
5
1
3
6
3
6
1
2
1
4
3
3
4
4
1
4
3
5
1000 1000
0
389
34
445
676
21
868
569
298
201
348
65
196
800
370
255
197
712
440
750
536
893
305
938
865
373
456
93
165
929
679
856
84
885
845
116
850
920
281
279
816
698
75
465
734
533
359
403
212
97
168
-1
461
835
327
522
628
667
302
79
-8
649
477
226
-1
188
454
834
-57
-22
729
616
269
-17
255
599
268
781
386
108
14
252
623
144
46
185
79
-60
604
536
496
416
27
-83
399
-41
-13
165
184
154
580
-48
723
787
651
76
194
592
509
386
-100
102
568
606
729
797
599
631
675
458
645
278
79
414
494
-99
384
305
493
408
213
418
857
104
625
374
718
799
738
314
47
411
40
14
833
264
54
376
-6
200
278
233
749
114
252
831
177
243
798
77
746
-58
711
738
330
486
-112
-83
96
-69
452
-129
556
795
787
353
329
-157
279
-162
-160
246
289
225
310
184
481
89
330
418
238
481
278
75
323
179
142
-104
99
432
-25
710
225
425
777
246
503
436
375
234
-19
-152
779
216
365
468
84
419
489
173
137
581
753
-193
739
287
417
53
-109
419
244
461
464
-32
-137
-60
284
270
463
38
-28
658
716
-203
146
194
-22
45
295
416
415
-161
-222
308
-133
488
19
78
424
695
660
106
522
422
638
-98
549
320
29
-7
-99
-52
-111
381
55
-20
386
-122
149
471
201
-176
702
495
538
-279
-80
123
473
-142
501
660
613
-183
387
-54
277
121
248
26
540
-26
-50
398
-105
215
-289
-269
-172
667
602
271
34
656
519
416
506
-24
380
99
152
371
0
573
426
176
346
630
-147
163
17
385
416
664
-89
618
523
-157
74
-103
190
558
483
72
565
53
179
26
404
-241
250
67
296
3
-122
-311
-114
436
-135
-237
376
501
-265
512
327
533
-162
9
148
-148
356
-14
592
-65
431
290
77
-78
601
218
-21
578
169
103
-157
270
-180
483
-360
179
424
-388
415
163
-283
-152
173
-44
53
-347
-384
334
354
309
77
-149
255
494
517
7
487
-129
-217
212
-179
208
-280
-18
18
-287
362
260
559
412
-193
373
-299
334
-392
403
28
508
-172
393
171
382
-95
417
24
-320
71
225
62
312
201
394
18
194
-153
69
-315
-76
-53
256
-382
243
504
-292
-163
-227
-152
-225
316
65
162
-421
187
-44
-17
-122
-236
-139
-82
449
-327
277
266
-242
-59
173
40
-156
383
-475
-441
-269
95
363
-222
361
-167
-482
-382
-238
73
-354
251
-177
-432
496
-492
-102
184
-271
152
-359
174
213
-302
432
357
80
88
-405
-222
163
-104
-129
-199
-181
394
159
117
-353
209
75
-478
-489
-460
-376
-344
228
128
40
410
-379
-137
-435
-287
-442
452
-238
-63
-63
-137
264
-399
358
311
-370
-160
256
286
-111
-455
-341
85
-18
303
240
16
328
-307
200
-366
-162
-325
-208
-141
-195
347
206
338
-231
52
120
-9
-450
-215
-415
114
415
-66
166
282
-461
-413
76
224
-143
109
197
-375
-377
-157
255
139
-362
-403
40
-388
145
80
-396
339
-26
-286
24
-598
220
-79
180
62
-484
-35
-526
105
-105
-140
-318
-494
-445
216
63
-84
-550
-132
-610
-402
242
142
-329
114
282
-209
-225
-100
-23
-596
-48
-603
-170
203
-17
336
112
-104
204
-337
143
-317
-410
-612
-612
300
238
-437
-384
-583
-600
121
-348
-436
-654
-467
228
-363
-536
89
-109
-390
49
-433
-619
263
65
40
10
-143
178
70
239
-381
139
111
282
65
-331
62
-115
-220
-312
-208
108
-407
203
-679
-129
-16
-473
-557
-601
-412
26
-177
-384
-683
-296
-691
-549
-404
61
135
247
-295
211
-715
224
-252
-429
-680
29
-633
-429
185
-43
-467
-7
-397
-397
-241
-477
-731
-423
-511
-456
-122
-272
-361
-390
-190
-315
-506
-18
125
-163
-710
-275
-338
86
-165
-563
144
-274
-98
203
-475
-535
-132
-70
-655
-552
39
-217
107
-315
-753
-226
47
-339
-261
-264
164
-463
56
197
-431
-590
-628
102
-527
4
66
-702
-362
-775
-567
-6
102
-426
-334
-566
-450
-366
-177
-300
-79
-12
-175
-146
155
56
-403
132
-112
-257
-480
-558
-666
54
22
-261
-178
-524
-667
-812
60
-67
-810
-815
-696
-313
-605
-535
-250
2
-563
-711
-169
-367
-511
110
-679
163
-431
-545
-582
-630
-770
-202
-477
-684
128
-764
-706
-109
-320
-5
-520
-357
-356
-280
-839
120
76
37
-765
36
-713
-184
-243
22
10
-631
51
-253
-627
-330
-210
-96
-143
-333
-435
-685
-816
-123
106
-714
-252
-642
-742
-333
-469
-808
-657
-191
-8
-487
-887
-361
-587
-839
-409
-581
-78
-490
-780
-664
-122
-885
-497
-425
-772
-645
-285
52
-527
-599
-228
-623
-317
-336
-832
85
-292
-497
-614
-320
-463
-219
-713
-658
-99
-48
-32
-851
24
-114
-573
19
-127
-538
-866
-499
-529
-807
-684
-11
-891
-665
-919
-279
-530
-918
5
-70
-64
-723
-90
-211
-409
-603
-73
-17
-200
-388
-206
-757
-143
-652
-403
-279
-484
-960
-179
-422
-594
-535
-610
-478
-917
-309
-729
-653
-513
-105
-437
-906
-313
-247
-544
-186
-830
-592
-428
-8
-593
-285
-560
-47
-570
-387
-324
-222
-694
-247
-651
-884
-448
0
1
4
2
1
4
3
4
1
6
4
1
4
6
4
3
2
4
1
2
2
6
4
6
4
1
5
5
3
3
2
6
6
4
1
5
1
4
5
6
5
5
2
5
2
1
6
2
4
4
4
5
6
2
5
1
4
5
1
2
1
3
4
2
3
6
1
6
2
5
6
3
1
5
1
1
3
1
4
1
1
3
2
1
3
6
5
4
6
5
5
2
3
1
5
6
6
2
5
5
5
3
2
6
6
5
6
4
3
2
6
6
1
1
2
6
5
1
1
3
3
5
2
1
5
3
6
5
3
6
6
6
5
2
6
2
4
2
6
1
3
6
4
4
1
4
3
5
3
3
6
5
2
3
1
5
4
2
5
5
2
3
6
6
2
3
2
2
3
1
2
4
6
1
5
5
5
1
3
4
4
4
3
3
6
2
1
4
1
2
6
1
4
2
4
4
4
3
4
4
3
1
1
5
5
5
1
4
5
6
1
5
6
6
1
3
6
6
4
5
5
2
2
5
1
3
4
4
6
6
2
2
4
5
6
4
3
6
3
2
3
1
2
1
6
6
4
6
4
6
1
3
2
3
3
4
4
5
3
2
5
5
3
5
2
1
6
4
1
1
6
6
6
6
6
5
4
4
6
5
5
2
2
6
5
4
1
1
2
6
5
5
2
4
4
1
2
5
1
4
5
6
1
4
1
4
2
2
5
2
1
5
1
5
5
4
6
2
2
5
4
6
2
1
4
3
3
4
1
4
2
1
4
3
2
2
4
1
4
4
2
5
3
3
6
2
4
2
4
6
1
6
2
1
2
1
1
2
2
3
1
3
2
1
1
6
2
3
2
1
2
2
5
1
4
6
6
4
6
5
5
1
2
4
2
4
4
5
2
1
5
1
4
2
5
3
3
6
5
3
1
6
3
3
1
5
4
6
6
1
1
3
3
1
5
3
5
4
4
4
5
6
5
3
2
2
4
3
1
6
1
4
5
6
1
6
6
2
1
2
3
4
4
2
1
3
4
4
6
5
4
3
5
3
1
4
1
4
1
4
2
2
1
5
6
6
4
4
2
3
6
5
2
6
1
1
2
1
3
6
3
5
2
5
5
2
3
1
4
4
3
1
4
4
1
5
5
1
4
2
4
5
1
2
1
6
1
1
3
6
3
3
1
3
3
3
2
5
4
6
6
5
3
4
1
1
5
5
6
3
4
5
2
2
3
1
3
1
2
1
1
6
6
6
2
2
3
4
1
5
5
4
5
2
4
1
4
5
5
6
6
1
2
6
6
3
3
5
2
1
2
5
5
3
5
5
2
6
1
2
4
3
2
2
4
3
2
2
4
6
2
3
2
5
4
5
4
4
3
2
4
6
6
1
3
1
4
4
1
3
5
1
4
1
3
5
1
5
2
3
6
6
1
4
3
3
6
5
1
2
5
5
2
5
6
6
3
2
6
5
1
3
3
6
4
2
6
5
5
4
4
4
2
3
1
3
6
1
2
6
5
4
3
5
2
1
3
3
5
3
1
2
3
1
5
4
1
6
2
5
5
2
6
6
6
6
1
1
6
3
1
6
4
6
3
1
1
4
2
1
3
3
6
1
4
6
5
4
3
1
3
1
3
5
6
1
6
1
1
1
3
3
3
5
2
6
6
6
4
6
5
4
4
1
1
1
1
1
5
4
5
4
4
3
3
4
4
1
5
2
4
5
6
3
5
1
6
2
5
3
2
1
5
1
5
1
1
3
5
5
2
2
3
1
4
3
5
1
1
2
4
6
4
3
3
5
3
5
4
4
4
6
1
5
2
1
3
1
3
5
1
6
4
5
5
4
3
3
3
6
5
1
6
6
2
5
3
4
1
6
1
5
1
6
3
3
1
2
5
3
3
2
2
5
5
6
3
6
4
1
2
6
6
4
4
2
6
3
6
6
2
1
4
3
1
6
3
4
2
4
4
1
1
1
2
4
4
3
6
4
2
2
3
6
3
4
3
2
3
1
3
3
3
3
6
4
1
2
3
2
5
3
6
3
4
3
4
5
2
5
2
5
6
2
5
5
3
6
2
2
1
3
5
2
3
4
4
2
6
2
3
2
4
3
4
1
4
4
4
2
2
5
6
3
1
3
4
6
2
5
3
6
4
2
5
1
1
1
3
2
5
6
6
5
5
3
5
5
5
4
3
5
3
3
1
2
2
6
5
3
5
4
3
2
2
2
6
1
2
1
3
6
1
5
2
1
4
6
3
4
2
5
4
3
1
2
3
5
1
6
4
1000 1000
0
688
523
598
916
512
712
377
490
184
861
813
184
778
929
728
368
958
169
507
849
842
120
793
29
552
400
789
4
245
479
544
462
161
522
770
805
606
951
128
705
487
452
307
855
865
172
817
945
89
3
815
77
340
904
314
556
378
296
455
490
418
672
291
785
636
426
195
580
463
916
859
803
81
718
365
212
511
129
435
792
-25
159
837
454
588
373
778
466
48
232
864
463
78
139
550
584
586
478
-75
662
333
-95
865
4
822
728
330
548
810
731
434
426
124
255
212
450
747
219
362
500
-28
142
850
834
839
586
188
616
180
276
299
682
11
512
-85
259
371
373
453
667
184
643
551
695
602
-3
624
529
593
455
222
735
555
596
809
568
810
254
835
814
223
-43
232
807
29
-30
554
258
145
788
472
361
193
82
-44
770
132
601
753
570
271
288
484
-58
715
297
367
285
103
212
434
-121
164
658
-187
300
412
-100
-67
-106
-84
20
118
297
285
456
300
190
23
333
87
4
-104
633
-120
128
23
-202
431
-99
-219
286
489
420
501
-148
-84
1
-14
483
338
-30
684
582
-117
-55
619
641
580
571
293
111
220
1
-57
39
433
359
394
273
612
-25
47
-241
340
-101
582
570
721
447
63
358
693
612
588
170
305
532
354
-192
189
356
216
439
313
678
-176
181
-4
530
578
667
-242
432
70
188
-148
666
354
592
-91
-125
194
100
550
206
469
299
645
-179
-172
384
580
654
508
-165
247
216
-229
-202
-175
-171
44
-313
611
33
589
-90
585
623
511
-223
115
668
640
545
288
561
663
326
7
-322
-257
56
620
162
264
-335
475
469
602
44
149
191
298
389
584
228
19
629
492
-162
465
-70
81
141
-316
-347
9
-279
528
-41
131
-173
130
-141
261
98
-191
276
-239
372
43
201
-89
574
51
33
-365
613
-255
-168
583
-284
285
-114
430
-273
-76
173
-353
-376
503
510
355
-241
436
-397
-123
210
-383
376
184
234
263
424
-317
45
-251
69
-245
587
-243
-349
209
-385
-333
213
538
223
338
59
-106
569
109
-121
565
432
-366
190
-6
536
82
-241
350
-355
-307
-304
-43
-373
416
37
-110
318
339
-160
98
372
-441
-325
460
-151
486
-55
-356
-256
-379
451
-43
-65
-214
137
-360
179
-74
-290
356
-165
-247
212
-128
520
153
80
59
-238
363
-271
-373
-352
145
-15
-333
158
42
26
51
283
5
221
-202
-146
39
418
-356
-41
-128
416
343
-60
-343
-217
207
-403
-467
-384
-302
53
-508
-153
5
478
262
109
154
187
115
157
9
447
104
156
-215
-511
110
-344
-10
-386
-102
-111
-199
-386
-468
-292
146
-50
448
96
-26
-462
-51
446
216
-292
-214
444
-188
-471
-326
-140
-545
-63
376
-464
-147
-348
-531
-363
-196
-16
129
-354
291
257
239
46
111
274
-161
-366
351
-190
114
312
-405
-208
-532
-279
-182
-116
63
-453
225
-31
129
-425
-221
-235
-199
-81
-266
259
102
-369
198
-331
-61
36
-481
-95
-362
389
-407
-403
-504
-240
-117
-318
-11
-166
-95
-3
52
272
59
72
84
311
-285
-420
-367
-415
-261
-560
-98
-101
-519
-491
-68
108
77
-496
77
-596
181
-487
-519
345
-369
-466
103
-630
175
213
-202
-268
142
-328
-398
244
-212
44
297
227
-493
244
-332
-296
-467
200
-256
78
-443
-401
333
-241
-202
-430
-382
-54
122
312
-430
-659
-411
246
187
-290
148
-677
269
101
57
-476
-425
70
-22
-332
255
-542
-399
204
7
-528
-365
-127
-77
-694
44
147
-612
242
295
-255
-512
268
-543
134
-599
-265
-263
-637
-325
-498
-586
190
265
-436
-626
122
160
237
175
-331
-200
71
189
-292
-260
-564
-104
-433
-571
-638
-493
-453
-664
-344
-170
-499
-454
195
-12
166
-728
-336
-62
232
189
-735
-560
75
-16
-460
-435
-533
-119
-238
-263
-466
158
127
231
-216
-584
-734
-662
-706
-513
-366
-270
-691
-564
-13
-211
-448
-395
-316
16
-778
90
-48
134
-41
-728
-615
-781
-252
-602
-711
-77
-46
-80
-648
8
-20
-403
-98
-580
-335
-17
-249
-749
-275
-38
154
-10
-377
-789
-30
-170
-295
-534
-461
-529
-426
-440
-72
-27
-372
-174
-228
-679
38
-804
45
-233
-512
-819
28
3
-395
-645
-742
-575
-605
-495
-422
-90
61
-541
-525
-213
-808
-751
141
-521
-124
-176
-569
-661
-631
-215
-341
-826
-667
-30
-81
-289
-853
-244
-757
-67
-490
-443
-251
-20
-788
-273
-51
-65
-323
-319
-244
-828
76
-211
-405
102
-494
98
-139
-66
-469
-143
-858
-845
-370
-208
88
-344
-248
-732
42
-703
-502
94
-484
-420
-92
-352
15
-394
-459
26
-390
-750
-616
-612
51
52
-864
-43
-754
21
-527
-324
-430
-903
-191
-394
-18
-158
72
-461
-334
-683
-838
-706
-129
-667
-887
50
-934
-766
-467
-404
-356
-714
-412
-226
-303
-174
-214
-184
-339
-780
-10
-508
-636
-334
-722
-444
-811
-599
-438
-123
-874
-653
-387
-558
-441
-208
-575
-963
-741
-661
-575
13
-847
-48
-514
-682
-246
-520
-755
-529
-20
-590
-173
-121
-110
-903
-77
-361
-187
-405
-291
-51
-194
-479
-795
-685
-65
-224
-532
-523
-421
0
6
2
3
6
6
4
4
4
2
3
4
6
3
1
6
3
3
5
4
1
4
1
5
5
3
3
5
3
1
1
2
6
5
1
4
5
5
3
2
1
2
5
4
6
4
6
6
6
1
3
2
6
6
1
4
2
2
1
1
1
2
3
4
4
2
1
2
3
2
2
1
2
2
3
2
5
3
6
2
1
3
3
3
4
5
6
2
4
2
6
4
4
1
6
4
6
3
2
5
2
4
1
2
4
3
6
2
5
6
3
2
3
4
3
4
1
5
6
3
2
1
3
3
5
6
5
4
5
1
3
3
6
1
3
5
5
2
2
3
4
3
2
6
6
6
2
4
3
1
1
5
5
3
2
1
6
6
5
4
5
1
4
2
5
6
3
4
3
1
5
4
6
5
4
1
4
3
2
5
6
5
4
3
1
1
3
1
2
5
2
5
2
5
4
2
6
2
6
4
5
5
6
3
1
4
3
3
5
2
3
3
2
6
1
5
3
4
1
1
3
3
2
1
3
6
1
4
3
5
5
4
2
1
1
3
5
1
6
2
5
3
3
3
2
4
5
4
4
2
1
3
4
2
4
2
3
2
3
3
1
4
4
5
5
2
2
3
5
1
2
5
3
2
6
6
4
1
4
5
6
5
6
6
5
2
2
2
1
1
5
6
1
5
1
5
6
2
4
4
2
4
3
6
6
4
3
1
1
5
4
6
5
2
6
2
3
4
6
3
2
3
5
4
1
1
2
3
4
6
3
1
6
1
6
1
4
6
5
6
3
2
2
6
5
4
3
1
1
5
2
5
5
1
2
2
2
1
4
3
6
1
2
1
1
5
2
6
1
4
1
1
5
3
5
6
4
1
3
3
6
3
6
4
3
2
4
4
3
4
6
6
6
3
2
5
1
1
4
6
4
4
2
3
6
1
2
5
2
4
5
6
5
3
4
6
1
2
4
6
3
4
3
6
6
1
2
4
4
5
2
2
3
5
5
5
3
4
2
3
1
4
2
3
1
6
4
3
4
5
1
4
6
5
6
1
2
4
3
3
3
2
4
1
6
1
6
1
2
4
3
3
2
4
1
3
2
3
2
5
3
6
2
6
6
6
2
1
4
6
4
4
4
6
6
6
1
5
2
4
5
5
6
5
5
5
1
2
2
2
2
5
5
1
5
1
4
6
5
4
4
5
2
5
1
4
3
1
1
1
2
4
2
5
1
6
1
4
2
3
3
5
1
5
5
2
6
3
3
1
1
3
4
5
6
6
1
5
5
1
4
3
3
2
5
5
6
3
5
1
3
5
5
6
3
3
5
1
4
5
1
4
5
4
3
1
1
3
6
4
2
1
5
5
1
3
3
1
4
6
1
1
3
2
1
6
4
1
4
6
5
1
2
6
4
6
5
4
5
6
4
2
1
3
2
2
3
3
3
3
2
3
4
5
2
2
4
4
4
1
5
4
5
5
5
6
6
4
5
5
6
2
6
2
5
2
1
4
6
4
6
1
5
1
4
2
2
4
4
3
4
2
1
2
4
6
5
2
4
2
6
6
2
3
5
5
2
3
2
3
5
3
4
1
5
4
4
4
3
4
3
3
1
2
5
6
5
4
1
1
5
1
5
2
3
3
2
3
5
6
4
4
4
4
3
2
3
4
5
3
5
5
4
2
6
6
1
4
2
6
6
2
5
5
4
4
3
4
2
5
4
4
6
1
2
4
2
4
3
3
2
1
5
6
6
3
3
1
2
1
5
3
1
5
6
4
1
2
2
5
3
3
2
4
2
2
5
2
6
1
2
2
5
4
3
1
3
1
3
4
3
3
1
4
2
5
6
5
6
3
5
6
4
5
2
3
2
6
1
3
6
5
1
1
1
4
5
4
4
3
4
3
5
1
1
2
3
6
1
5
5
2
1
3
5
6
1
2
6
3
6
4
1
4
5
3
5
2
6
1
5
2
1
3
3
1
6
3
5
4
6
2
3
4
2
1
1
4
1
2
6
1
4
1
4
6
3
5
3
2
1
2
5
1
2
6
3
6
3
1
6
1
6
6
6
4
3
6
6
3
6
3
6
2
3
6
6
4
5
4
2
5
5
1
2
2
6
5
1
2
4
3
4
5
6
3
3
4
1
4
3
2
5
1
6
6
5
3
5
6
4
5
5
1
6
1
5
3
2
6
5
3
6
5
1
4
2
3
1
2
3
5
6
4
2
5
6
5
3
3
1
4
2
1
3
2
4
4
4
1
2
5
5
5
3
6
2
5
1
6
6
0 0
