1
73 97 0 0
1
45 63 0 0
1
19775553 30134176 0 0
100
1 1 2 99
1 1 3 98
1 1 4 38
1 1 5 33
1 1 6 15
1 1 7 14
1 1 8 9
1 1 0 0
1 1 10 12
1 1 0 11
1 1 0 0
1 1 0 13
1 1 0 0
1 1 0 0
1 1 16 25
1 1 17 21
1 1 18 0
1 1 0 19
1 1 0 20
1 1 0 0
1 1 22 0
1 1 23 0
1 1 24 0
1 1 0 0
1 1 26 30
1 1 27 0
1 1 0 28
1 1 29 0
1 1 0 0
1 1 31 0
1 1 0 32
1 1 0 0
1 1 34 36
1 1 0 35
1 1 0 0
1 1 0 37
1 1 0 0
1 1 39 78
1 1 40 43
1 1 0 41
1 1 42 0
1 1 0 0
1 1 44 72
1 1 45 54
1 1 46 47
1 1 0 0
1 1 48 50
1 1 49 0
1 1 0 0
1 1 51 53
1 1 52 0
1 1 0 0
1 1 0 0
1 1 55 70
1 1 56 66
1 1 57 59
1 1 58 0
1 1 0 0
1 1 60 61
1 1 0 0
1 1 62 63
1 1 0 0
1 1 0 64
1 1 65 0
1 1 0 0
1 1 67 0
1 1 0 68
1 1 69 0
1 1 0 0
1 1 0 71
1 1 0 0
1 1 73 74
1 1 0 0
1 1 0 75
1 1 76 77
1 1 0 0
1 1 0 0
1 1 0 79
1 1 80 84
1 1 81 83
1 1 0 82
1 1 0 0
1 1 0 0
1 1 85 91
1 1 86 0
1 1 0 87
1 1 0 88
1 1 89 90
1 1 0 0
1 1 0 0
1 1 92 93
1 1 0 0
1 1 94 96
1 1 95 0
1 1 0 0
1 1 0 97
1 1 0 0
1 1 0 0
1 1 100 0
1 1 0 0
100
1 1 66 29
1 1 18 3
1 1 0 27
1 1 0 0
1 1 0 52
1 1 47 2
1 1 0 39
1 1 0 91
1 1 0 0
1 1 0 0
1 1 70 63
1 1 0 0
1 1 0 0
1 1 40 48
1 1 28 14
1 1 69 8
1 1 12 5
1 1 0 0
1 1 49 0
1 1 4 0
1 1 0 20
1 1 61 0
1 1 0 77
1 1 0 0
1 1 41 0
1 1 0 0
1 1 53 37
1 1 59 81
1 1 45 99
1 1 0 0
1 1 33 100
1 1 68 0
1 1 23 92
1 1 0 96
1 1 36 57
1 1 22 50
1 1 0 0
1 1 0 65
1 1 0 0
1 1 97 6
1 1 0 0
1 1 44 0
1 1 25 7
1 1 62 0
1 1 82 0
1 1 0 94
1 1 87 54
1 1 0 31
1 1 0 46
1 1 98 17
1 1 0 55
1 1 72 0
1 1 0 0
1 1 35 74
1 1 0 30
1 1 90 42
1 1 21 0
1 1 0 83
1 1 11 60
1 1 56 67
1 1 0 0
1 1 26 0
1 1 0 0
1 1 0 71
1 1 0 0
1 1 78 0
1 1 95 75
1 1 0 0
1 1 0 10
1 1 86 16
1 1 0 0
1 1 0 0
1 1 0 0
1 1 0 84
1 1 38 0
1 1 85 79
1 1 0 0
1 1 0 0
1 1 13 0
1 1 0 0
1 1 64 58
1 1 0 0
1 1 0 0
1 1 0 0
1 1 15 73
1 1 0 0
1 1 24 1
1 1 0 0
1 1 0 0
1 1 51 0
1 1 0 0
1 1 0 0
1 1 89 43
1 1 80 9
1 1 34 0
1 1 88 0
1 1 0 32
1 1 0 0
1 1 0 0
1 1 19 93
100
1 1 0 0
1 1 55 84
1 1 42 58
1 1 0 22
1 1 56 25
1 1 0 0
1 1 13 21
1 1 0 76
1 1 0 0
1 1 63 0
1 1 39 80
1 1 0 89
1 1 0 0
1 1 0 0
1 1 0 0
1 1 0 0
1 1 0 15
1 1 0 33
1 1 26 0
1 1 34 0
1 1 59 0
1 1 57 0
1 1 0 0
1 1 0 50
1 1 0 3
1 1 0 87
1 1 14 92
1 1 0 78
1 1 52 32
1 1 97 0
1 1 65 54
1 1 19 0
1 1 0 68
1 1 0 0
1 1 0 81
1 1 10 0
1 1 43 93
1 1 24 88
1 1 0 0
1 1 0 47
1 1 4 71
1 1 99 1
1 1 70 75
1 1 0 96
1 1 0 17
1 1 0 0
1 1 0 0
1 1 44 72
1 1 0 0
1 1 0 0
1 1 0 0
1 1 86 0
1 1 51 95
1 1 67 53
1 1 5 31
1 1 35 37
1 1 0 0
1 1 12 27
1 1 0 0
1 1 45 0
1 1 0 100
1 1 0 0
1 1 0 0
1 1 0 0
1 1 28 20
1 1 85 7
1 1 29 77
1 1 23 0
1 1 64 49
1 1 91 61
1 1 0 0
1 1 41 90
1 1 11 0
1 1 2 8
1 1 66 16
1 1 0 0
1 1 60 36
1 1 0 0
1 1 0 0
1 1 0 0
1 1 82 0
1 1 0 0
1 1 0 0
1 1 0 0
1 1 0 79
1 1 98 0
1 1 0 0
1 1 62 0
1 1 0 73
1 1 0 0
1 1 18 48
1 1 30 40
1 1 94 6
1 1 0 69
1 1 38 9
1 1 0 0
1 1 0 0
1 1 0 83
1 1 46 0
1 1 0 0
20
5 1 2 5
7 7 3 0
7 5 4 0
2 5 0 0
7 7 6 18
2 3 7 14
2 3 8 0
1 7 9 0
1 5 10 13
3 7 0 11
1 5 0 12
2 7 0 0
2 7 0 0
2 1 0 15
7 2 16 17
7 1 0 0
1 7 0 0
5 1 19 20
2 1 0 0
5 3 0 0
20
7 2 14 17
5 3 0 0
2 1 0 0
2 7 0 0
2 1 0 1
1 5 0 15
2 3 20 5
7 7 9 0
7 5 11 0
5 1 3 2
2 5 0 0
5 1 8 16
3 7 0 6
7 1 0 0
2 7 0 0
7 7 7 10
1 7 0 0
1 7 19 0
1 5 13 4
2 3 18 0
30
12 4 2 7
1 2 3 4
6 2 0 0
12 1 5 0
4 6 6 0
12 4 0 0
1 6 8 23
1 2 9 13
6 4 0 10
9 2 11 0
1 12 0 12
3 6 0 0
12 9 14 22
2 6 15 19
2 12 16 0
3 3 17 18
6 3 0 0
4 1 0 0
3 4 20 0
6 3 21 0
2 1 0 0
3 4 0 0
6 3 0 24
2 6 25 27
4 9 26 0
6 1 0 0
2 2 0 28
4 9 0 29
1 1 30 0
3 4 0 0
100
4 4 46 56
1 6 0 70
4 3 0 0
4 2 0 47
2 2 0 24
6 4 0 77
6 1 76 66
3 2 0 0
6 2 6 53
1 1 0 0
4 2 0 0
4 2 4 19
1 1 21 0
1 4 1 42
3 2 0 0
6 2 0 50
3 2 22 36
2 6 79 0
3 3 0 0
4 6 48 0
1 6 44 17
6 6 0 0
4 3 0 0
4 6 0 0
1 2 0 0
3 3 52 0
1 4 64 72
6 4 11 0
4 4 0 94
1 6 0 0
3 6 0 85
4 6 45 31
6 2 0 0
6 2 37 7
2 6 80 0
6 6 0 63
4 6 49 58
3 4 0 0
3 3 0 0
1 6 2 34
2 2 88 93
3 3 78 30
6 3 10 0
2 2 0 87
6 2 0 0
2 3 23 33
4 3 75 0
6 2 0 73
2 3 0 0
1 2 0 0
2 1 0 40
4 2 95 0
6 2 90 0
6 2 0 60
6 3 0 0
6 3 62 15
3 6 0 0
1 2 18 59
3 4 0 0
6 4 0 0
6 4 82 32
6 6 0 0
6 4 55 0
2 1 97 0
2 6 0 61
1 3 39 0
4 4 27 13
6 2 43 9
3 6 14 84
2 2 0 0
4 2 12 68
6 4 0 0
1 6 0 0
3 4 0 51
2 3 0 35
6 4 0 0
6 6 0 26
1 1 29 0
1 6 0 0
1 1 0 0
4 4 5 28
2 1 91 25
1 3 71 100
1 2 0 99
4 4 38 0
1 1 0 3
3 6 86 20
4 3 83 69
4 6 0 98
3 2 8 0
1 2 16 89
6 2 54 0
3 3 74 0
3 3 0 57
3 4 0 0
2 2 65 81
3 4 92 0
1 6 0 0
2 1 0 0
2 1 67 96
100
29 1 0 58
36 1 0 83
74 1 0 44
77 1 0 86
25 1 0 62
27 1 0 22
12 1 0 78
41 1 0 18
85 1 0 57
1 1 0 0
7 1 0 36
97 1 0 84
3 1 0 50
63 1 0 67
55 1 0 49
91 1 0 48
87 1 0 39
40 1 0 87
44 1 0 60
58 1 0 63
78 1 0 4
26 1 0 5
37 1 0 2
61 1 0 35
15 1 0 77
13 1 0 7
93 1 0 85
16 1 0 25
71 1 0 69
5 1 0 51
22 1 0 43
49 1 0 72
81 1 0 98
94 1 0 27
60 1 0 82
6 1 0 30
52 1 0 76
20 1 0 99
86 1 0 9
79 1 0 21
8 1 0 11
38 1 0 23
21 1 0 38
73 1 0 97
100 1 0 71
10 1 0 90
82 1 0 33
90 1 0 70
54 1 0 74
2 1 0 10
4 1 0 13
18 1 0 93
32 1 0 92
69 1 0 73
67 1 0 95
34 1 0 88
84 1 0 68
28 1 0 6
64 1 0 14
43 1 0 100
56 1 0 15
24 1 0 81
57 1 0 61
98 1 0 12
30 1 0 1
47 1 0 94
62 1 0 24
83 1 0 47
70 1 0 54
89 1 0 79
99 1 0 64
48 1 0 66
68 1 0 55
53 1 0 37
75 1 0 3
51 1 0 89
14 1 0 26
11 1 0 46
88 1 0 17
95 1 0 34
23 1 0 31
59 1 0 20
35 1 0 56
96 1 0 80
92 1 0 16
76 1 0 75
39 1 0 42
33 1 0 53
50 1 0 32
9 1 0 41
45 1 0 19
31 1 0 65
17 1 0 28
46 1 0 91
66 1 0 96
65 1 0 59
72 1 0 29
80 1 0 40
19 1 0 52
42 1 0 8
63
3 2 0 0
1 3 44 59
3 1 0 0
2 1 52 7
4 1 0 0
1 1 61 5
1 1 1 43
1 1 0 0
1 1 0 0
3 3 0 0
2 2 46 23
1 1 0 0
1 1 62 58
1 2 19 32
1 1 0 0
3 1 0 0
3 1 0 0
1 1 20 10
1 1 0 0
1 1 0 0
1 1 0 0
2 4 54 4
1 1 63 56
1 3 0 0
4 1 0 0
2 1 30 17
3 2 24 50
1 1 0 0
1 1 0 0
1 3 0 0
1 3 0 0
1 2 0 0
1 3 14 6
1 1 39 21
1 1 18 27
1 1 40 49
1 1 28 55
1 1 11 13
3 1 0 0
1 1 0 0
3 1 0 0
2 1 0 0
1 3 0 0
1 1 0 0
2 1 29 8
1 2 2 26
2 2 35 33
1 4 9 41
1 1 0 0
1 2 0 0
3 1 47 22
2 2 42 3
1 1 0 0
2 1 48 36
2 1 0 0
1 1 15 31
2 2 53 16
1 1 34 57
1 4 0 0
1 1 51 38
1 1 0 0
2 3 45 37
1 1 12 25
100
8 8 0 0
4 2 0 0
8 1 0 1
8 4 0 0
2 2 0 16
8 2 93 69
8 8 0 50
4 4 55 0
4 8 67 52
8 4 91 0
8 2 92 0
1 8 0 0
1 4 89 0
8 1 0 0
1 4 83 32
8 1 0 0
8 4 70 0
4 2 20 0
4 1 0 0
8 8 0 53
4 2 7 49
8 2 60 2
4 4 0 0
4 4 0 80
2 8 87 29
1 8 3 0
2 2 17 0
1 4 0 94
4 1 51 0
4 2 76 0
4 1 0 0
1 2 82 26
4 2 0 42
2 8 0 86
2 4 15 99
8 8 0 73
2 8 22 0
1 1 8 12
1 1 0 45
4 8 0 14
8 4 0 0
2 8 63 0
4 4 72 79
8 2 0 0
8 1 41 0
1 1 0 97
4 4 0 38
2 1 23 0
1 2 0 0
8 4 27 0
1 2 0 0
2 8 0 88
8 8 44 0
2 8 0 0
1 2 0 0
8 8 81 74
2 1 71 0
2 4 25 33
1 4 96 34
2 2 0 46
1 4 11 4
4 1 0 0
4 4 0 98
1 2 0 0
2 2 0 5
4 2 0 0
2 1 48 19
8 8 84 54
2 2 13 40
2 4 0 0
1 2 62 61
1 8 68 18
2 1 0 90
1 8 36 75
2 4 43 37
8 2 85 65
2 4 0 9
8 1 77 0
1 1 0 6
4 2 0 0
1 4 30 58
1 2 0 0
4 2 47 57
1 1 0 0
4 2 21 28
8 2 31 0
1 4 0 0
4 4 0 0
2 2 0 0
2 1 0 0
8 2 0 0
2 2 0 64
1 2 39 0
1 8 10 100
1 4 56 35
1 2 0 0
2 1 0 0
8 2 24 0
8 1 59 78
2 1 0 66
10
790 790 0 0
316 395 6 0
395 237 2 9
316 395 3 5
237 1422 0 10
1580 316 0 7
316 316 0 0
158 158 0 0
790 948 8 0
1580 948 0 1
0
