12 7 5
0 2 1
5 6 3
10 6 4
16 11 9
1 2 2
15 19 16
5 7 6
10 9 5
6 1 1
7 6 7
6 9 9
16 14 12
13 16 7
29 27 24
0 2 2
3 2 3
1 3 3
5 1 2
29 27 24
2 3 2
0 2 1
16 12 8
15 21 9
5 3 2
1 1 4
12 13 10
2 1 2
5 4 3
3 0 6
7 12 5
1 1 0
3 4 1
1 6 5
12 9 7
3 2 3
17 15 10
15 13 12
5 8 5
0 1 1
4 5 5
10 9 5
14 11 11
12 16 7
4 4 4
1 2 3
2 1 1
1 2 1
3 2 1
1 1 1
8 4 4
8 2 2
1 1 2
10 15 11
9 11 8
7 3 2
2 2 0
9 3 2
17 14 11
2 6 4
0 1 3
10 7 7
3 6 0
3 5 7
13 6 5
3 1 3
12 7 5
2 3 1
7 3 2
2 0 1
4 0 3
11 12 7
1 1 0
4 6 2
2 4 0
12 15 8
6 12 6
3 1 2
11 9 10
14 15 13
3 1 2
10 11 9
8 2 2
8 7 9
3 5 4
7 4 4
3 2 3
9 8 8
16 11 9
3 8 7
2 0 0
19 18 11
7 7 4
2 4 2
2 4 2
14 11 7
16 11 9
4 6 4
3 3 2
0 0 3
