100
1 722218179708441014 822004708953465932 817091665
2 769925226186861396 530082177045214633
1 220029287362222948 300796634134971428 346366757
2 693916270132315932 531742385293683620
2 597865593668726142 620999923893155157
1 568636620057521218 935366325112217858 641511394
1 109531996156197927 177877849495345729 585777737
2 165074765592583094 252579293842472845
1 803768790355422360 574649177515356083 756722123
2 765946930019179323 907808703438238935
1 920734356803896303 430624936293965142 902397
