notUsed:
 6 11 12 13 14 24
---
 6 11 15 2 7
 12 13 16 1 22
 20 25 4 19 14
 3 23 9 18 10
 17 6 5 21 8
---
---
 6 11 15 2 7
 12 14 16 1 22
 20 25 4 19 13
 3 23 9 18 10
 17 6 5 21 8
---
---
 6 11 15 2 7
 13 12 16 1 22
 20 25 4 19 14
 3 23 9 18 10
 17 6 5 21 8
---
---
 6 11 15 2 7
 13 14 16 1 22
 20 25 4 19 12
 3 23 9 18 10
 17 6 5 21 8
---
---
 6 11 15 2 7
 14 12 16 1 22
 20 25 4 19 13
 3 23 9 18 10
 17 6 5 21 8
---
---
 6 11 15 2 7
 14 13 16 1 22
 20 25 4 19 12
 3 23 9 18 10
 17 6 5 21 8
---
---
 6 12 15 2 7
 11 13 16 1 22
 20 25 4 19 14
 3 23 9 18 10
 17 6 5 21 8
---
---
 6 12 15 2 7
 11 14 16 1 22
 20 25 4 19 13
 3 23 9 18 10
 17 6 5 21 8
---
---
 6 12 15 2 7
 13 11 16 1 22
 20 25 4 19 14
 3 23 9 18 10
 17 6 5 21 8
---
---
 6 12 15 2 7
 13 14 16 1 22
 20 25 4 19 11
 3 23 9 18 10
 17 6 5 21 8
---
---
 6 12 15 2 7
 14 11 16 1 22
 20 25 4 19 13
 3 23 9 18 10
 17 6 5 21 8
---
---
 6 12 15 2 7
 14 13 16 1 22
 20 25 4 19 11
 3 23 9 18 10
 17 6 5 21 8
---
---
 6 13 15 2 7
 11 12 16 1 22
 20 25 4 19 14
 3 23 9 18 10
 17 6 5 21 8
---
---
 6 13 15 2 7
 11 14 16 1 22
 20 25 4 19 12
 3 23 9 18 10
 17 6 5 21 8
---
---
 6 13 15 2 7
 12 11 16 1 22
 20 25 4 19 14
 3 23 9 18 10
 17 6 5 21 8
---
---
 6 13 15 2 7
 12 14 16 1 22
 20 25 4 19 11
 3 23 9 18 10
 17 6 5 21 8
---
---
 6 13 15 2 7
 14 11 16 1 22
 20 25 4 19 12
 3 23 9 18 10
 17 6 5 21 8
---
---
 6 13 15 2 7
 14 12 16 1 22
 20 25 4 19 11
 3 23 9 18 10
 17 6 5 21 8
---
---
 6 14 15 2 7
 11 12 16 1 22
 20 25 4 19 13
 3 23 9 18 10
 17 6 5 21 8
---
---
 6 14 15 2 7
 11 13 16 1 22
 20 25 4 19 12
 3 23 9 18 10
 17 6 5 21 8
---
---
 6 14 15 2 7
 12 11 16 1 22
 20 25 4 19 13
 3 23 9 18 10
 17 6 5 21 8
---
---
 6 14 15 2 7
 12 13 16 1 22
 20 25 4 19 11
 3 23 9 18 10
 17 6 5 21 8
---
---
 6 14 15 2 7
 13 11 16 1 22
 20 25 4 19 12
 3 23 9 18 10
 17 6 5 21 8
---
---
 6 14 15 2 7
 13 12 16 1 22
 20 25 4 19 11
 3 23 9 18 10
 17 6 5 21 8
---
---
 11 6 15 2 7
 12 13 16 1 22
 20 25 4 19 14
 3 23 9 18 10
 17 6 5 21 8
---
---
 11 6 15 2 7
 12 14 16 1 22
 20 25 4 19 13
 3 23 9 18 10
 17 6 5 21 8
---
---
 11 6 15 2 7
 13 12 16 1 22
 20 25 4 19 14
 3 23 9 18 10
 17 6 5 21 8
---
---
 11 6 15 2 7
 13 14 16 1 22
 20 25 4 19 12
 3 23 9 18 10
 17 6 5 21 8
---
---
 11 6 15 2 7
 14 12 16 1 22
 20 25 4 19 13
 3 23 9 18 10
 17 6 5 21 8
---
---
 11 6 15 2 7
 14 13 16 1 22
 20 25 4 19 12
 3 23 9 18 10
 17 6 5 21 8
---
---
 11 12 15 2 7
 6 13 16 1 22
 20 25 4 19 14
 3 23 9 18 10
 17 6 5 21 8
---
---
 11 12 15 2 7
 6 14 16 1 22
 20 25 4 19 13
 3 23 9 18 10
 17 6 5 21 8
---
---
 11 12 15 2 7
 13 6 16 1 22
 20 25 4 19 14
 3 23 9 18 10
 17 6 5 21 8
---
---
 11 12 15 2 7
 13 14 16 1 22
 20 25 4 19 6
 3 23 9 18 10
 17 6 5 21 8
---
---
 11 12 15 2 7
 14 6 16 1 22
 20 25 4 19 13
 3 23 9 18 10
 17 6 5 21 8
---
---
 11 12 15 2 7
 14 13 16 1 22
 20 25 4 19 6
 3 23 9 18 10
 17 6 5 21 8
---
---
 11 13 15 2 7
 6 12 16 1 22
 20 25 4 19 14
 3 23 9 18 10
 17 6 5 21 8
---
---
 11 13 15 2 7
 6 14 16 1 22
 20 25 4 19 12
 3 23 9 18 10
 17 6 5 21 8
---
---
 11 13 15 2 7
 12 6 16 1 22
 20 25 4 19 14
 3 23 9 18 10
 17 6 5 21 8
---
---
 11 13 15 2 7
 12 14 16 1 22
 20 25 4 19 6
 3 23 9 18 10
 17 6 5 21 8
---
---
 11 13 15 2 7
 14 6 16 1 22
 20 25 4 19 12
 3 23 9 18 10
 17 6 5 21 8
---
---
 11 13 15 2 7
 14 12 16 1 22
 20 25 4 19 6
 3 23 9 18 10
 17 6 5 21 8
---
---
 11 14 15 2 7
 6 12 16 1 22
 20 25 4 19 13
 3 23 9 18 10
 17 6 5 21 8
---
---
 11 14 15 2 7
 6 13 16 1 22
 20 25 4 19 12
 3 23 9 18 10
 17 6 5 21 8
---
---
 11 14 15 2 7
 12 6 16 1 22
 20 25 4 19 13
 3 23 9 18 10
 17 6 5 21 8
---
---
 11 14 15 2 7
 12 13 16 1 22
 20 25 4 19 6
 3 23 9 18 10
 17 6 5 21 8
---
---
 11 14 15 2 7
 13 6 16 1 22
 20 25 4 19 12
 3 23 9 18 10
 17 6 5 21 8
---
---
 11 14 15 2 7
 13 12 16 1 22
 20 25 4 19 6
 3 23 9 18 10
 17 6 5 21 8
---
---
 12 6 15 2 7
 11 13 16 1 22
 20 25 4 19 14
 3 23 9 18 10
 17 6 5 21 8
---
---
 12 6 15 2 7
 11 14 16 1 22
 20 25 4 19 13
 3 23 9 18 10
 17 6 5 21 8
---
---
 12 6 15 2 7
 13 11 16 1 22
 20 25 4 19 14
 3 23 9 18 10
 17 6 5 21 8
---
---
 12 6 15 2 7
 13 14 16 1 22
 20 25 4 19 11
 3 23 9 18 10
 17 6 5 21 8
---
---
 12 6 15 2 7
 14 11 16 1 22
 20 25 4 19 13
 3 23 9 18 10
 17 6 5 21 8
---
---
 12 6 15 2 7
 14 13 16 1 22
 20 25 4 19 11
 3 23 9 18 10
 17 6 5 21 8
---
---
 12 11 15 2 7
 6 13 16 1 22
 20 25 4 19 14
 3 23 9 18 10
 17 6 5 21 8
---
---
 12 11 15 2 7
 6 14 16 1 22
 20 25 4 19 13
 3 23 9 18 10
 17 6 5 21 8
---
---
 12 11 15 2 7
 13 6 16 1 22
 20 25 4 19 14
 3 23 9 18 10
 17 6 5 21 8
---
---
 12 11 15 2 7
 13 14 16 1 22
 20 25 4 19 6
 3 23 9 18 10
 17 6 5 21 8
---
---
 12 11 15 2 7
 14 6 16 1 22
 20 25 4 19 13
 3 23 9 18 10
 17 6 5 21 8
---
---
 12 11 15 2 7
 14 13 16 1 22
 20 25 4 19 6
 3 23 9 18 10
 17 6 5 21 8
---
---
 12 13 15 2 7
 6 11 16 1 22
 20 25 4 19 14
 3 23 9 18 10
 17 6 5 21 8
---
---
 12 13 15 2 7
 6 14 16 1 22
 20 25 4 19 11
 3 23 9 18 10
 17 6 5 21 8
---
---
 12 13 15 2 7
 11 6 16 1 22
 20 25 4 19 14
 3 23 9 18 10
 17 6 5 21 8
---
---
 12 13 15 2 7
 11 14 16 1 22
 20 25 4 19 6
 3 23 9 18 10
 17 6 5 21 8
---
---
 12 13 15 2 7
 14 6 16 1 22
 20 25 4 19 11
 3 23 9 18 10
 17 6 5 21 8
---
---
 12 13 15 2 7
 14 11 16 1 22
 20 25 4 19 6
 3 23 9 18 10
 17 6 5 21 8
---
---
 12 14 15 2 7
 6 11 16 1 22
 20 25 4 19 13
 3 23 9 18 10
 17 6 5 21 8
---
---
 12 14 15 2 7
 6 13 16 1 22
 20 25 4 19 11
 3 23 9 18 10
 17 6 5 21 8
---
---
 12 14 15 2 7
 11 6 16 1 22
 20 25 4 19 13
 3 23 9 18 10
 17 6 5 21 8
---
---
 12 14 15 2 7
 11 13 16 1 22
 20 25 4 19 6
 3 23 9 18 10
 17 6 5 21 8
---
---
 12 14 15 2 7
 13 6 16 1 22
 20 25 4 19 11
 3 23 9 18 10
 17 6 5 21 8
---
---
 12 14 15 2 7
 13 11 16 1 22
 20 25 4 19 6
 3 23 9 18 10
 17 6 5 21 8
---
---
 13 6 15 2 7
 11 12 16 1 22
 20 25 4 19 14
 3 23 9 18 10
 17 6 5 21 8
---
---
 13 6 15 2 7
 11 14 16 1 22
 20 25 4 19 12
 3 23 9 18 10
 17 6 5 21 8
---
---
 13 6 15 2 7
 12 11 16 1 22
 20 25 4 19 14
 3 23 9 18 10
 17 6 5 21 8
---
---
 13 6 15 2 7
 12 14 16 1 22
 20 25 4 19 11
 3 23 9 18 10
 17 6 5 21 8
---
---
 13 6 15 2 7
 14 11 16 1 22
 20 25 4 19 12
 3 23 9 18 10
 17 6 5 21 8
---
---
 13 6 15 2 7
 14 12 16 1 22
 20 25 4 19 11
 3 23 9 18 10
 17 6 5 21 8
---
---
 13 11 15 2 7
 6 12 16 1 22
 20 25 4 19 14
 3 23 9 18 10
 17 6 5 21 8
---
---
 13 11 15 2 7
 6 14 16 1 22
 20 25 4 19 12
 3 23 9 18 10
 17 6 5 21 8
---
---
 13 11 15 2 7
 12 6 16 1 22
 20 25 4 19 14
 3 23 9 18 10
 17 6 5 21 8
---
---
 13 11 15 2 7
 12 14 16 1 22
 20 25 4 19 6
 3 23 9 18 10
 17 6 5 21 8
---
---
 13 11 15 2 7
 14 6 16 1 22
 20 25 4 19 12
 3 23 9 18 10
 17 6 5 21 8
---
---
 13 11 15 2 7
 14 12 16 1 22
 20 25 4 19 6
 3 23 9 18 10
 17 6 5 21 8
---
---
 13 12 15 2 7
 6 11 16 1 22
 20 25 4 19 14
 3 23 9 18 10
 17 6 5 21 8
---
---
 13 12 15 2 7
 6 14 16 1 22
 20 25 4 19 11
 3 23 9 18 10
 17 6 5 21 8
---
---
 13 12 15 2 7
 11 6 16 1 22
 20 25 4 19 14
 3 23 9 18 10
 17 6 5 21 8
---
---
 13 12 15 2 7
 11 14 16 1 22
 20 25 4 19 6
 3 23 9 18 10
 17 6 5 21 8
---
---
 13 12 15 2 7
 14 6 16 1 22
 20 25 4 19 11
 3 23 9 18 10
 17 6 5 21 8
---
---
 13 12 15 2 7
 14 11 16 1 22
 20 25 4 19 6
 3 23 9 18 10
 17 6 5 21 8
---
---
 13 14 15 2 7
 6 11 16 1 22
 20 25 4 19 12
 3 23 9 18 10
 17 6 5 21 8
---
---
 13 14 15 2 7
 6 12 16 1 22
 20 25 4 19 11
 3 23 9 18 10
 17 6 5 21 8
---
---
 13 14 15 2 7
 11 6 16 1 22
 20 25 4 19 12
 3 23 9 18 10
 17 6 5 21 8
---
---
 13 14 15 2 7
 11 12 16 1 22
 20 25 4 19 6
 3 23 9 18 10
 17 6 5 21 8
---
---
 13 14 15 2 7
 12 6 16 1 22
 20 25 4 19 11
 3 23 9 18 10
 17 6 5 21 8
---
---
 13 14 15 2 7
 12 11 16 1 22
 20 25 4 19 6
 3 23 9 18 10
 17 6 5 21 8
---
---
 14 6 15 2 7
 11 12 16 1 22
 20 25 4 19 13
 3 23 9 18 10
 17 6 5 21 8
---
---
 14 6 15 2 7
 11 13 16 1 22
 20 25 4 19 12
 3 23 9 18 10
 17 6 5 21 8
---
---
 14 6 15 2 7
 12 11 16 1 22
 20 25 4 19 13
 3 23 9 18 10
 17 6 5 21 8
---
---
 14 6 15 2 7
 12 13 16 1 22
 20 25 4 19 11
 3 23 9 18 10
 17 6 5 21 8
---
---
 14 6 15 2 7
 13 11 16 1 22
 20 25 4 19 12
 3 23 9 18 10
 17 6 5 21 8
---
---
 14 6 15 2 7
 13 12 16 1 22
 20 25 4 19 11
 3 23 9 18 10
 17 6 5 21 8
---
---
 14 11 15 2 7
 6 12 16 1 22
 20 25 4 19 13
 3 23 9 18 10
 17 6 5 21 8
---
---
 14 11 15 2 7
 6 13 16 1 22
 20 25 4 19 12
 3 23 9 18 10
 17 6 5 21 8
---
---
 14 11 15 2 7
 12 6 16 1 22
 20 25 4 19 13
 3 23 9 18 10
 17 6 5 21 8
---
---
 14 11 15 2 7
 12 13 16 1 22
 20 25 4 19 6
 3 23 9 18 10
 17 6 5 21 8
---
---
 14 11 15 2 7
 13 6 16 1 22
 20 25 4 19 12
 3 23 9 18 10
 17 6 5 21 8
---
---
 14 11 15 2 7
 13 12 16 1 22
 20 25 4 19 6
 3 23 9 18 10
 17 6 5 21 8
---
---
 14 12 15 2 7
 6 11 16 1 22
 20 25 4 19 13
 3 23 9 18 10
 17 6 5 21 8
---
---
 14 12 15 2 7
 6 13 16 1 22
 20 25 4 19 11
 3 23 9 18 10
 17 6 5 21 8
---
---
 14 12 15 2 7
 11 6 16 1 22
 20 25 4 19 13
 3 23 9 18 10
 17 6 5 21 8
---
---
 14 12 15 2 7
 11 13 16 1 22
 20 25 4 19 6
 3 23 9 18 10
 17 6 5 21 8
---
---
 14 12 15 2 7
 13 6 16 1 22
 20 25 4 19 11
 3 23 9 18 10
 17 6 5 21 8
---
---
 14 12 15 2 7
 13 11 16 1 22
 20 25 4 19 6
 3 23 9 18 10
 17 6 5 21 8
---
---
 14 13 15 2 7
 6 11 16 1 22
 20 25 4 19 12
 3 23 9 18 10
 17 6 5 21 8
---
---
 14 13 15 2 7
 6 12 16 1 22
 20 25 4 19 11
 3 23 9 18 10
 17 6 5 21 8
---
---
 14 13 15 2 7
 11 6 16 1 22
 20 25 4 19 12
 3 23 9 18 10
 17 6 5 21 8
---
---
 14 13 15 2 7
 11 12 16 1 22
 20 25 4 19 6
 3 23 9 18 10
 17 6 5 21 8
---
---
 14 13 15 2 7
 12 6 16 1 22
 20 25 4 19 11
 3 23 9 18 10
 17 6 5 21 8
---
---
 14 13 15 2 7
 12 11 16 1 22
 20 25 4 19 6
 3 23 9 18 10
 17 6 5 21 8
---
0
