0 13 0 0
200
23 21
-9 2
32 41
16 -12
34 -38
-17 11
-20 -3
-42 39
19 38
19 -37
-20 4
-15 -34
48 -40
-37 -23
47 -14
-21 -18
30 -45
29 -9
6 -31
-47 -43
20 45
39 16
-18 -25
21 -35
-10 -41
14 6
34 14
-37 33
-48 -20
-29 -33
-8 -14
35 -43
-42 -41
44 11
-7 38
-41 -3
-48 -26
-8 -33
-8 -3
33 -16
44 -43
-43 25
47 -40
-28 29
20 -35
-43 33
38 -24
48 40
-15 -35
36 34
22 38
-46 8
-23 -17
-42 46
-21 13
26 31
-22 16
17 1
-25 17
-12 -46
-7 -22
-30 -16
-34 -43
-32 -17
37 -48
-29 -13
-46 0
33 29
-43 -34
34 -38
-7 13
-42 -5
-27 15
12 -46
28 -9
13 17
-38 -22
39 16
-23 -7
11 -1
41 -30
-5 18
43 -36
-16 17
-33 23
-38 -44
30 27
-33 40
-47 -44
9 -12
-47 -13
-35 -8
-23 0
-49 -49
-49 41
45 -15
33 -28
12 17
-31 -5
44 -3
-47 -13
-43 21
29 18
26 -49
18 34
-26 28
-20 8
3 -49
-43 -24
-30 25
0 42
-34 11
-15 38
-49 -45
8 12
-16 25
26 27
-7 -9
-45 7
-35 -34
-13 21
-7 46
-16 10
38 -7
-4 34
23 0
39 -37
-19 -10
-10 17
-45 7
-36 -16
-32 -41
-18 -39
-19 -44
24 3
-39 44
-34 9
-12 6
28 8
21 -26
-26 -17
-9 -31
-17 16
43 -17
9 -43
-44 48
45 -30
0 -43
19 49
23 -14
4 30
-31 28
-35 4
16 30
22 29
-44 12
-36 25
26 -9
-19 -14
-33 -39
-47 19
19 -19
35 36
17 13
-25 -38
-23 9
-33 -5
-5 21
-38 39
22 -46
-42 26
-44 -41
-48 4
-22 -38
-19 -44
-21 1
46 9
12 -1
-27 0
17 -5
43 -36
17 -26
-9 -42
-5 -46
42 2
41 -41
29 47
49 22
31 -27
-9 4
-48 25
-15 -36
-15 10
48 -47
47 9
31 -44
41 30
-41 15
-24 -30
-49 34
