7 0 0 0
200
23 39
-2 22
-36 33
-28 -11
-37 17
-3 -19
-49 -5
18 -29
0 -20
40 -24
8 3
-33 16
-44 6
49 45
-49 -23
14 39
-23 -43
47 19
33 -4
15 -10
-16 22
-30 -45
49 -19
-28 36
48 -38
-42 41
-16 -48
17 41
-36 -22
-44 -24
18 47
-14 -45
-17 32
25 -35
6 3
-44 -9
27 30
8 -20
43 -16
31 -2
-12 -48
48 -11
-8 16
-24 -37
-21 -17
5 42
41 14
-5 -17
-1 -26
49 -24
-10 3
-3 -2
-6 -37
-32 34
-42 20
-1 -48
41 18
15 33
5 20
-3 1
40 -20
2 -40
9 42
11 12
25 24
-29 23
-16 -42
24 -34
42 -48
3 20
11 -5
-28 -3
-5 -10
-4 -11
31 4
-35 -16
27 26
-29 -2
-20 -45
-1 -18
11 -30
-29 -41
-43 47
46 -16
-47 -1
-32 28
-35 14
-9 45
21 -13
36 -23
-1 -40
-36 -17
-18 -38
-49 21
30 -1
39 19
-42 12
-34 -17
-16 -36
-8 -17
40 20
-34 -35
-30 -31
-42 12
-38 18
16 -28
35 37
-13 42
-12 -49
8 -17
-44 46
30 28
-10 -35
45 -37
31 16
-31 -48
-40 -42
27 -39
-42 47
41 21
-40 17
19 10
-8 37
37 32
28 23
-15 38
-43 -8
1 16
-2 -30
36 34
10 20
-26 -3
-19 -14
44 38
-1 -39
-13 -7
40 17
-44 25
-10 -31
0 -10
-10 -47
11 42
16 -20
31 5
-1 -37
-44 -14
25 27
14 31
19 47
45 -22
31 0
28 17
23 -26
0 -37
43 -4
48 25
10 -6
-47 43
-32 46
8 28
48 11
-12 -1
-25 48
-44 11
33 0
-40 7
-3 30
-21 34
-32 -22
17 34
-22 -40
36 -41
8 47
-3 -39
-28 46
-9 -13
37 -46
13 -33
30 22
28 -10
-3 28
26 21
-28 4
26 -11
-41 40
-43 47
37 4
41 -30
-27 -3
14 31
-13 -20
47 -49
29 -27
33 25
-10 45
-7 1
15 29
32 -15
17 46
-36 -38
