21
1 2
1 3
1 4
1 5
4 8
8 14
5 9
9 15
3 7
7 12
7 13
12 19
2 6
6 10
6 11
10 16
16 20
11 17
11 18
14 21
19 22
48
1 2
1 3
1 4
2 5
3 5
4 5
5 6
5 7
5 8
6 9
7 9
8 9
9 10
9 11
9 12
10 13
11 13
12 13
13 14
13 15
13 16
14 17
15 17
16 17
17 18
17 19
17 20
18 21
19 21
20 21
21 22
21 23
21 24
22 25
23 25
24 25
25 26
25 27
25 28
26 29
27 29
28 29
29 30
29 31
29 32
30 33
31 33
32 33
70
36 84
58 77
9 18
26 29
30 52
33 37
60 84
57 87
76 83
80 100
69 100
47 80
73 89
39 83
73 98
66 85
6 100
10 95
19 41
20 76
14 22
11 59
7 20
36 61
93 100
47 52
19 39
45 97
75 98
1 47
39 51
50 69
64 91
31 64
39 79
40 74
19 52
28 97
43 55
75 78
15 72
46 51
79 93
70 74
2 87
1 97
65 82
8 75
38 55
51 66
62 65
33 75
9 48
2 58
9 39
30 95
19 57
16 47
35 85
33 79
20 100
55 72
52 69
1 71
28 81
52 99
6 80
25 32
58 90
8 69
45
1 2
1 3
1 4
1 5
1 6
1 7
1 8
1 9
1 10
2 3
2 4
2 5
2 6
2 7
2 8
2 9
2 10
3 4
3 5
3 6
3 7
3 8
3 9
3 10
4 5
4 6
4 7
4 8
4 9
4 10
5 6
5 7
5 8
5 9
5 10
6 7
6 8
6 9
6 10
7 8
7 9
7 10
8 9
8 10
9 10
99
54 68
22 77
40 56
21 22
26 86
11 50
3 13
79 95
31 48
41 43
32 33
23 30
4 41
7 29
35 62
50 68
41 81
25 90
32 66
28 71
33 76
31 37
16 40
56 67
64 89
7 91
78 84
66 87
30 45
12 55
6 38
63 65
42 68
45 59
59 80
62 90
27 39
51 93
6 14
8 47
43 77
37 64
14 79
45 53
12 20
8 67
22 62
10 93
39 88
48 81
26 73
1 36
17 25
49 76
13 73
8 33
91 99
71 72
18 54
20 78
69 95
37 75
63 75
6 28
71 73
9 26
4 61
3 98
10 61
21 34
76 88
23 82
16 23
16 95
48 72
4 79
27 57
12 34
60 94
81 94
21 42
34 66
67 72
58 99
10 97
27 69
20 99
58 84
3 28
38 46
32 61
25 54
46 93
89 97
13 31
89 96
64 88
9 56
51 80
100
1 5
1 6
1 7
1 8
1 9
1 10
1 11
1 12
1 13
1 14
1 15
1 16
1 17
1 18
1 19
1 20
1 21
1 22
1 23
1 24
1 25
1 26
1 27
1 28
1 29
2 5
2 6
2 7
2 8
2 9
2 10
2 11
2 12
2 13
2 14
2 15
2 16
2 17
2 18
2 19
2 20
2 21
2 22
2 23
2 24
2 25
2 26
2 27
2 28
2 29
3 5
3 6
3 7
3 8
3 9
3 10
3 11
3 12
3 13
3 14
3 15
3 16
3 17
3 18
3 19
3 20
3 21
3 22
3 23
3 24
3 25
3 26
3 27
3 28
3 29
4 5
4 6
4 7
4 8
4 9
4 10
4 11
4 12
4 13
4 14
4 15
4 16
4 17
4 18
4 19
4 20
4 21
4 22
4 23
4 24
4 25
4 26
4 27
4 28
4 29
99
1 88
3 99
5 83
4 6
4 82
2 11
2 99
12 88
14 58
15 44
17 61
19 37
25 73
27 75
29 80
30 36
31 56
32 99
33 96
35 64
36 48
37 91
8 40
41 46
42 50
45 75
47 54
48 98
51 99
54 65
44 55
56 91
58 81
26 63
49 66
49 50
50 68
39 71
13 72
57 76
46 57
46 53
24 53
24 60
8 60
8 77
8 74
39 74
16 39
16 94
34 79
64 86
52 87
52 84
84 85
70 85
70 83
43 83
43 75
28 75
22 88
7 89
78 90
44 78
20 91
9 20
62 94
21 95
18 97
18 93
7 93
7 67
67 92
92 98
10 98
10 34
34 81
65 81
38 65
23 38
13 23
13 96
21 96
21 73
26 73
26 44
44 50
50 82
59 82
69 99
69 80
28 80
28 61
9 61
9 59
59 64
62 64
22 62
22 100
100
1 51
2 51
3 51
4 51
5 51
6 51
7 51
8 51
9 51
10 51
11 51
12 51
13 51
14 51
15 51
16 51
17 51
18 51
19 51
20 51
21 51
22 51
23 51
24 51
25 51
26 51
27 51
28 51
29 51
30 51
31 51
32 51
33 51
34 51
35 51
36 51
37 51
38 51
39 51
40 51
41 51
42 51
43 51
44 51
45 51
46 51
47 51
48 51
49 51
50 51
1 2
2 3
3 4
4 5
5 6
6 7
7 8
8 9
9 10
10 11
11 12
12 13
13 14
14 15
15 16
16 17
17 18
18 19
19 20
20 21
21 22
22 23
23 24
24 25
25 26
26 27
27 28
28 29
29 30
30 31
31 32
32 33
33 34
34 35
35 36
36 37
37 38
38 39
39 40
40 41
41 42
42 43
43 44
44 45
45 46
46 47
47 48
48 49
49 50
1 50
63
21 22
21 23
21 24
21 25
21 26
21 27
22 23
22 24
22 25
22 26
22 27
23 24
23 25
23 26
23 27
24 25
24 26
24 27
25 26
25 27
26 27
11 15
11 16
11 17
11 18
11 19
12 15
12 16
12 17
12 18
12 19
13 15
13 16
13 17
13 18
13 19
14 15
14 16
14 17
14 18
14 19
1 11
2 11
3 11
4 11
5 11
6 11
7 11
8 11
9 11
10 11
1 2
2 3
3 4
4 5
5 6
6 7
7 8
8 9
9 10
1 10
1 22
11 23
98
41 42
41 43
41 44
41 45
41 46
41 47
41 48
41 49
41 50
42 43
42 44
42 45
42 46
42 47
42 48
42 49
42 50
43 44
43 45
43 46
43 47
43 48
43 49
43 50
44 45
44 46
44 47
44 48
44 49
44 50
45 46
45 47
45 48
45 49
45 50
46 47
46 48
46 49
46 50
47 48
47 49
47 50
48 49
48 50
49 50
11 30
12 30
13 30
14 30
15 30
16 30
17 30
18 30
19 30
20 30
21 30
22 30
23 30
24 30
25 30
26 30
27 30
28 30
29 30
11 12
12 13
13 14
14 15
15 16
16 17
17 18
18 19
19 20
20 21
21 22
22 23
23 24
24 25
25 26
26 27
27 28
28 29
11 29
1 4
1 5
1 6
1 7
1 8
2 4
2 5
2 6
2 7
2 8
3 4
3 5
3 6
3 7
3 8
0
