8000
9668
4660
5079
6643
8747
5958
8717
3345
3240
5562
8610
2628
9136
8921
4327
4875
5477
9496
2007
8874
6626
4134
9310
6492
3930
9555
7870
2877
5574
4083
6242
6728
7709
9270
9027
9914
2235
6512
9675
4836
3994
4040
9691
3481
6262
5521
8258
8102
8569
9182
9598
2505
3876
3310
5687
2370
8395
4591
8462
6487
6908
6284
7034
8992
8585
2015
8312
7519
7162
9883
9765
8833
4179
6797
5227
3287
8120
6684
9388
2613
7328
3705
3865
7772
7968
8825
9252
7683
8690
3761
2437
2986
5702
4467
3280
8380
6786
5742
7423
3884
7651
2410
2552
3539
2898
7053
3234
4978
7707
6856
3406
4736
7880
5775
5489
9211
4478
9016
6700
5476
8278
9876
2852
3734
8155
6756
6245
3703
3529
5968
8067
5587
8299
6094
9952
4885
9645
3332
2025
2085
9237
4871
6837
6548
8638
8974
4413
4153
2325
8418
7555
4000
4735
6456
2532
2009
9940
6518
3640
4369
5296
5401
5387
9351
9671
4867
8862
7302
8350
3235
8811
3469
7516
3559
5636
9078
5972
9009
3937
7299
8977
8861
9697
5773
6894
5623
6115
9715
8446
8093
5830
3138
5284
9819
6381
2083
7805
9271
2060
7238
4994
2147
2798
7263
2930
3971
4929
4437
9538
6225
4194
5138
4831
7361
7198
7797
3175
7479
5371
8419
3401
9206
8652
3927
5148
4828
5767
7047
4464
3988
7049
5732
6417
4616
2698
6591
2731
5490
2350
7776
4222
3753
7612
6261
9456
8887
6538
6278
2621
7438
3751
5370
7869
7786
5622
9114
4603
7989
5953
3218
2605
5375
8108
8428
6695
7475
5028
6740
8002
9266
4537
5446
2754
9412
3656
3092
2171
8570
3655
9699
8448
8867
4076
3864
3317
2169
5655
8476
4169
5057
4082
4789
2165
6973
9459
2901
2362
4473
8279
4282
5541
6249
9751
6652
6922
3430
4149
2608
8576
7517
4291
2327
3359
8756
3011
3289
7546
3144
7733
5168
4151
4189
6639
6106
4759
3435
4584
4945
5101
5653
7529
5126
5825
6263
8613
6480
4694
5376
5479
6355
5142
2907
5316
5814
5480
8053
8667
5671
2856
7429
9557
7513
3078
2631
6625
9799
2230
9264
5931
9030
6003
5449
5899
9411
2650
6975
4447
7862
8121
5881
9662
2093
7203
9558
6919
3944
3370
6729
2534
8481
2112
5781
2762
7450
5170
8664
8031
8137
2536
4546
6331
7751
5379
8085
2819
6545
3772
8547
2910
4325
4861
2922
4527
6464
6644
7158
4535
2081
9244
8415
7942
9228
2619
7658
9560
7542
2344
9126
8857
2072
3207
9536
9381
7215
4337
7456
8528
2264
3089
9053
9552
2090
3977
4397
2855
7090
9643
4283
5678
6171
3874
8503
2821
4072
5960
3558
4878
8089
3145
6060
4784
2365
4530
6174
6155
9338
2517
4382
5402
6289
4452
7635
7987
8922
6304
7569
4229
3795
8869
3854
5649
6488
7577
3584
8896
7052
4714
2261
3687
8945
9901
2773
9262
5435
2697
5795
6590
7326
3303
2225
4924
7613
3745
8794
9502
8721
2849
6978
5872
5427
4317
2681
8646
3396
5451
5125
2682
7730
5257
3301
4439
6206
8369
5589
7849
3212
5203
5967
7009
2218
7562
6090
4254
9916
2829
4174
3733
4367
8779
3222
2896
5322
3798
3560
2266
9326
5612
6844
4316
5891
7463
7876
4601
6941
2109
4708
5439
4689
5492
7003
2440
9482
9289
3029
8738
5982
3967
7691
4334
8589
6631
9366
5543
2388
8991
8632
7653
2259
2164
6399
6673
5938
3293
2104
9845
7462
4187
3915
4822
9815
6617
9358
7098
2323
5338
7295
6657
3125
4573
7819
3811
2282
9344
6379
7064
5530
3759
2928
4098
9570
2386
6685
7867
8578
2248
6437
8216
8183
6960
8215
2223
3945
6418
5871
3191
8064
7887
8712
9462
8348
8917
6746
6004
3026
3933
5729
4750
4173
2820
7455
5399
9342
2210
4582
7956
6895
8548
8986
3939
3196
3141
6018
5836
4171
6258
5550
2113
7013
7145
7320
8815
3739
8603
7997
3765
3204
5444
4528
3666
2074
4558
8078
3438
7174
3822
2157
4791
9529
8075
4138
2265
8757
5824
2145
9763
7493
9641
6562
8724
8397
8973
6367
5986
7008
4560
8975
8939
6965
5689
7900
5122
6123
3600
9437
8413
8480
9747
8018
2768
9387
5283
2838
2555
2883
2932
4105
5303
8629
4110
7659
3083
3534
9173
6117
8606
5758
8028
4306
6180
2679
8798
6413
6009
7796
9316
6237
4727
9432
8826
2423
5662
6111
5386
5593
6302
4774
7943
3068
7951
2713
9809
9327
4241
9375
8895
5615
6406
6572
4540
9704
2836
8964
4806
5803
9954
5642
9336
6193
8036
7696
7204
7675
5150
6307
3673
7503
9824
5790
9428
5995
4648
7574
5771
6424
2753
3416
8730
4954
3547
2885
8770
6498
3596
2245
9846
7115
3890
6189
4335
7176
3818
5826
8876
5060
8822
4548
5412
9277
4921
8138
6674
7290
4912
6771
3018
3286
7549
7960
3237
7859
8788
4390
3167
7553
2251
5001
8518
2477
6322
2677
4400
4985
9297
3157
4771
6560
3476
4988
7597
3137
3010
9980
6314
8156
2069
4119
3554
7483
6547
8144
4279
2915
5734
2493
9202
6561
2188
4309
4006
4915
9782
6457
6221
2135
5073
8242
6251
4224
7882
9943
5062
3879
6447
6718
9088
4776
2160
9249
2765
6697
7205
5475
2965
9919
9004
9792
3313
3042
9312
7808
5554
2012
7843
6143
5669
2589
4687
3500
9074
9783
9346
8125
5289
2641
8786
5418
8760
8205
7065
2130
4847
3261
2538
7609
4682
8754
3388
4500
8409
4841
2970
4047
2149
2867
3536
8959
9637
6326
6169
6479
8787
6443
8980
8504
2220
2115
5985
5941
5748
8165
6619
6524
7035
8553
9089
9019
9120
8612
7264
7952
4445
5675
4524
2609
3437
8771
9936
9196
3347
8223
3484
8013
3047
2033
8903
3361
6324
9718
9768
3203
6904
8508
6742
2680
4531
2227
8791
2841
5845
5280
3859
2131
2873
9020
7417
4193
7252
9314
9911
8440
2634
9618
4555
6825
7378
6571
2854
2823
6986
6711
2032
2296
7179
6948
7937
3468
7728
5585
3202
5783
2018
4693
4159
6127
7096
9219
4522
9443
3256
3093
8079
7042
9658
5512
6428
3844
5043
9804
5023
6208
5789
2550
7684
3291
5428
5367
3201
7872
5460
2374
2356
4324
3223
7038
7821
7155
6982
5136
2059
4747
5176
5429
5738
5596
2041
7957
9774
5143
6651
8376
5632
5226
5892
4459
7112
5712
9454
4161
8016
2777
2995
9803
6485
8492
8250
9682
9212
2792
7030
9309
7860
3863
5414
5369
9097
4698
4242
6277
9283
4975
6874
3813
3799
4455
7718
2858
2745
6867
2183
8913
4734
2096
3447
5055
6819
7213
8778
4672
6774
6767
5396
3294
7111
5297
7169
2475
6727
8882
2570
6058
4903
3693
6849
8792
5030
3789
6097
9660
2148
8912
6921
5262
7686
5141
2622
3165
2676
5822
2469
4997
8647
8408
9834
3598
8347
7285
6777
4613
2308
7984
7706
3951
4247
2987
2772
7316
7437
2944
3834
8581
9818
8535
4829
4826
3311
6808
8681
3869
9971
4919
3292
5417
6002
6923
3385
2778
9505
9514
2425
5164
5404
2920
7522
2861
7633
6041
8952
6845
2238
8396
6438
7567
5882
5993
8172
2703
7918
4984
3587
3488
6840
6807
6102
4376
8356
2614
5140
7251
7637
3605
8168
6170
6889
6537
5823
3413
4267
9791
8796
9267
7823
9934
5788
4320
7815
5070
2767
3758
9155
4265
3365
9105
3363
3439
3699
4718
9616
8847
5229
9449
8429
4782
7931
5970
9907
7445
7576
9603
4857
3364
3777
4088
9976
3095
6280
7907
3566
8426
3704
2310
6068
5174
6843
2760
7425
7762
5495
9692
4391
6841
5529
3572
8466
8916
9483
7435
4702
3499
3224
6087
7926
9355
3244
2795
2180
7181
2321
8029
5264
2633
2331
3160
6949
5660
6362
9124
4444
5718
7505
9578
4275
7057
9093
6234
9628
5743
3025
5267
5246
3601
2094
2011
6535
6693
4164
8366
7835
2566
5149
8870
6066
9359
6165
8978
2088
4287
4965
8795
9377
8981
3227
3509
5910
6332
6010
8385
7067
2217
8763
3968
6429
4760
6559
2539
9099
5219
3616
4220
6531
2607
9402
3610
9797
8316
6764
9453
7234
9810
2691
8812
9115
9843
7908
3381
3740
9392
9214
3096
3974
5301
4389
3642
9141
7736
7032
6317
6339
9056
2415
2111
4049
8883
6765
4636
8761
6385
4966
6595
7221
5843
6048
6732
3348
5715
6563
4790
6365
6553
3678
4014
7979
9092
4544
6686
8310
7595
2738
9477
3124
2051
7161
7081
8284
6014
7396
2653
5096
6253
6057
2428
2859
8707
3725
7243
8479
8842
2729
6235
7702
7802
4274
9756
9349
7793
2999
4597
6343
3176
5330
5179
2581
8344
2806
5588
3829
4807
8467
9034
5237
2442
7894
6364
3896
8255
6442
5372
4792
2671
7242
4010
7763
3841
5116
2644
2905
3399
4970
4739
5522
4676
8962
3168
9545
5976
4936
4756
6944
3123
5508
3070
9450
8210
5528
8514
4485
2394
5356
6288
4062
7212
8523
3179
8042
3501
3635
2424
7230
8789
8808
7647
9866
7360
8676
4844
8703
2724
7274
5469
6138
6933
7809
6086
4604
6817
9811
2780
5415
7703
9885
4621
3112
4364
7211
4592
4953
4959
6798
3182
4515
3156
8596
3471
9112
6054
5211
9067
7103
9042
2902
2019
3075
5037
6744
7222
5559
5796
6439
6114
6243
3063
6462
3033
9225
5382
9535
2525
3604
8519
4879
2588
2533
5102
5119
6588
8399
9862
5081
9639
6017
9231
4512
9873
8762
6735
2301
4488
7801
2456
2801
2198
4684
4960
3230
3924
2413
6680
6633
6036
2568
3957
5987
3802
6689
2487
3720
7246
6082
9223
2455
6497
3470
3617
3217
9419
6019
7657
7133
6929
2529
2789
6059
5728
7767
9575
5298
6267
9562
4961
8816
5345
7138
9726
2802
8506
7913
8000
5879
2239
2361
4840
2952
5004
3943
5943
5250
8091
9741
7565
6336
2243
8026
2707
2496
6323
8233
8716
2520
7969
2363
2558
7398
2530
9288
7566
7018
2037
7507
4892
4927
5600
3702
5114
2132
8685
3681
2947
4449
9871
7312
8126
4577
5228
9979
8142
9401
9353
8924
3400
2020
5557
4065
9553
9229
9939
3894
5955
8213
4385
7708
9991
9071
3614
4073
8573
5419
5135
5897
9296
6037
6508
3998
7427
4486
9052
8132
5344
3215
8765
9754
8024
6881
5704
3806
7541
4796
6515
8625
7298
9475
7093
4352
8972
7280
3507
7757
4794
8879
4910
2297
4052
9037
2615
9269
2268
2982
6282
4097
9784
2903
5779
3815
6679
3555
3276
7848
8711
4917
2583
3827
9712
4310
8668
3495
8918
5254
8619
7481
9835
7924
4969
8398
4565
5357
2121
8394
4379
6704
5000
5409
3929
2728
2978
7586
5184
4902
2782
8631
5813
7466
2497
5850
3548
9230
3379
8592
6392
4253
9152
6911
2014
7945
3350
6600
6308
2201
6963
8538
7698
7348
4454
7935
2759
4329
9334
9892
4846
6550
3639
3229
7079
5595
7970
6667
8148
6354
9863
8840
6311
4891
7073
8307
3528
3757
9150
6181
7535
8551
9487
8976
2193
5827
7317
9407
5505
9544
8773
9222
3362
9368
8352
3679
7074
6832
4916
5332
2403
6873
3903
7901
9110
3062
5639
3573
9687
9479
2043
9033
9022
7740
6298
8864
2329
4934
2092
6124
4511
3748
7687
8290
9849
5051
2842
3637
9478
7789
5984
8196
8618
9680
9370
2064
9608
4383
3461
8145
9688
5090
2173
8116
8729
6754
8751
3726
5118
6441
5980
4410
3307
7371
3949
6076
5423
6991
6760
9705
5607
2446
4080
7143
5077
3721
7756
9246
4980
6196
7366
3390
9476
8905
2303
3463
2790
9886
7412
4722
7530
4116
7082
6852
4703
3308
2305
3320
5355
9524
3914
2040
9559
8118
4414
9601
6956
9725
5997
2763
3964
2516
8363
3028
2244
4580
9987
3082
5901
9703
4650
2098
5130
7117
5730
7754
4772
5753
3954
4463
8306
2168
9664
6964
6231
8197
7674
6507
6503
3410
9282
6635
8653
7209
9932
6470
5602
2937
6935
5186
7104
9661
6747
6279
7454
4233
7494
5811
5326
8737
3429
5188
2277
5393
7570
7276
8881
3001
4653
5727
8272
4741
3544
7898
9374
4664
8463
3649
5935
5867
7335
4618
2087
4753
4466
8282
3219
5918
3080
4520
7655
6043
7591
4087
5421
3148
3044
5866
2219
5502
8733
2955
5873
3788
4150
3546
4729
2106
7632
6785
7432
8030
4131
6296
8494
8655
2027
5894
6216
3397
9257
2208
5342
7168
2537
6792
9518
7314
5626
5912
8105
7029
4632
6000
3648
4549
4147
3150
3697
8432
2559
5820
8164
6345
3843
8807
5555
2466
6698
2286
2335
7721
8966
4542
6989
3326
7947
9850
4016
6414
2667
6554
3321
4326
7604
9040
5652
6609
5318
4571
8054
6899
2153
4244
2464
4883
9095
3369
5858
4675
2710
6436
2686
5539
3297
2694
3097
9625
2447
5799
5684
7451
5673
8214
5922
9169
4263
7300
3306
7608
2875
6525
6444
9444
9720
4943
8749
7598
5359
2287
6397
9272
7584
7777
2911
7336
3791
4196
2652
9170
3551
7113
5112
9256
7850
6522
4103
5601
8497
4406
7504
2906
3357
9942
6658
4757
9464
4949
4095
5291
5625
5065
9868
7121
7552
4640
7893
3270
7838
7249
4900
5486
9503
3709
5325
2592
8139
8516
2097
5504
5274
8768
8081
8154
2021
9133
2186
6137
5440
5348
9234
3826
7543
8098
5347
8088
7724
3905
8830
3594
2215
4674
7645
4556
7640
5893
5354
4719
5821
8435
7712
2484
8728
4880
4148
9065
8839
3149
2979
4762
2893
5364
4607
3784
6070
6983
8187
5598
5921
3910
6584
6648
9910
6926
7261
7678
8269
3382
5200
7141
5535
6995
7001
9742
4941
4713
4090
6645
6555
9999
8320
8324
2311
6567
5577
2934
9906
8007
7520
7779
8853
3147
4526
6618
7144
8938
5454
8338
5848
9762
8734
5507
7966
6096
9306
2562
6126
5483
2298
6824
7061
6604
6780
8257
9739
7580
7431
8469
8411
4643
6994
7649
2294
3067
4299
9427
6835
2929
6306
4489
2295
2079
4803
7871
2722
8660
5424
7062
3714
2989
7337
8359
3692
2318
6023
7012
7444
7240
5672
2299
5572
5144
4481
5890
6453
6521
7875
6745
8123
4403
3833
3942
9274
2972
7453
7605
2378
4641
5329
2102
5089
7380
4808
8644
7883
6988
4630
5381
7588
7904
3271
5534
9294
7806
5273
9917
6450
9198
3848
9330
7267
6481
6511
8221
2336
9630
5979
7624
7700
3166
3902
6489
9279
8643
3466
5167
8781
6594
7153
4157
9874
8005
3665
3549
5499
6335
9026
7346
2983
5092
7136
7146
5432
2178
8806
5223
9186
2339
2734
7689
6583
5213
6823
2392
4679
6701
5793
3172
8965
4585
6145
6122
6033
4055
8452
5498
5731
8804
3889
4562
7713
3393
8897
7826
3441
8146
3652
6052
9759
4468
6240
6256
5710
9541
2743
5049
7331
7938
4038
6190
5716
7749
8262
4071
3249
7977
6794
7472
8928
3746
8014
9945
3171
9805
5278
4051
7151
8753
8877
6516
7759
6161
3502
3331
5080
9798
8661
4340
3432
2474
2804
7638
2981
6445
9647
2066
3265
4025
5608
6716
8065
8958
7416
3840
5907
8943
8256
3540
8416
7130
8425
6875
5802
4799
4059
8561
2050
4166
9347
4461
3493
2577
7950
2503
6769
2443
4505
7272
3049
4890
5904
8633
8400
3213
5654
3538
9719
4386
4781
9985
8166
6582
4407
3491
5349
9469
9957
8057
4395
2958
2938
2490
8507
3611
9995
2029
4933
3690
7355
9978
9509
2848
7245
5275
6025
6672
6132
2399
3380
9471
7459
4433
4899
9929
4170
9563
3391
4998
4266
2177
5433
9655
7059
9468
2563
6491
7496
6803
4606
3216
7650
7656
7615
2557
5706
9964
2812
5026
4957
9331
8181
9121
4552
2546
4133
7617
7058
6638
4480
2451
9276
4339
4852
5295
8326
3899
3723
7392
8401
5914
6826
7618
3783
2257
8364
3569
9772
4946
9184
8860
4904
7092
3482
4023
4374
8622
9448
6620
3552
3570
4494
9817
2655
4280
7502
5193
6112
8742
2338
8265
8950
5069
2814
5911
8609
9106
2584
5510
3346
2320
8512
8473
3530
9972
5501
7464
3607
3729
6788
6093
4510
5942
2598
6346
3620
8162
6049
2587
7301
2084
2347
4973
8152
2793
7446
6257
6670
2129
7120
2758
7563
3975
4642
2625
4368
9362
2075
7619
5924
9275
6113
3921
9215
4201
5656
8019
6789
8096
3855
8572
6474
6236
5339
6191
6422
7738
8759
6828
5310
3131
2192
6687
9606
5388
6846
5853
4003
6513
6116
6842
5063
6483
8517
9649
5981
2387
8683
3360
2692
2948
2057
2000
8832
7338
9543
4785
4786
7402
6072
9101
8073
4363
2330
6337
7879
7022
6107
9889
7539
5746
6748
8292
8180
5946
9533
6779
4048
6739
7369
8147
7832
6816
3808
8141
4319
8314
9325
9918
4112
3422
9434
9627
2664
3671
9168
9014
7971
7660
6502
9672
2316
4293
9968
9582
5714
5095
8034
9612
6448
4723
4264
7291
2167
5533
3742
3041
3005
6334
6880
4716
9273
6654
7478
9820
4132
2001
2222
8236
5403
4863
2285
6310
2961
7134
5571
9921
6108
6879
5426
6755
3421
5268
8150
5647
7599
8687
6855
9554
5762
9748
5497
8790
8885
4566
6580
2786
4517
2689
3599
7551
9908
9956
7470
6241
2576
2596
9758
6105
7774
4858
5579
3375
7671
4711
3174
7170
2207
6575
2714
4688
3790
9379
6029
3615
6536
2175
3763
3950
5052
9406
5887
3214
2771
9852
4218
2017
3624
4754
9350
9226
4470
2063
5270
6271
3817
2372
8270
6372
9669
6587
9745
5465
6932
7010
3451
4029
9667
6252
9134
8971
7912
9711
4497
6981
9831
2142
6223
5036
4832
3299
3056
8698
2646
3512
4992
7847
5777
9247
4404
2274
3557
6939
7976
3478
8317
8525
3670
7332
3236
3064
5263
3452
2054
5711
4655
5248
6425
3454
4533
3985
7044
3407
5558
9508
4662
8582
2479
3846
5255
3298
6380
8782
6266
8305
2807
5698
2307
5506
6403
3006
6945
2125
5464
7401
9714
3173
9498
5484
5696
4030
8056
7864
5817
8237
3911
2077
8617
8985
5324
4245
7124
3962
4155
9426
5032
2803
8342
5934
3257
6358
6962
8302
2515
2629
3695
8579
5733
4823
8665
4139
6977
9128
8871
8474
6719
4232
2194
3591
6411
2137
8199
7007
8818
7350
3873
9165
9566
5389
9860
7877
2342
3434
5308
9646
7225
6120
5173
7116
5251
6661
7834
6007
2187
3700
3186
6896
9656
4129
4002
4226
8590
9564
2833
9000
8545
6868
6285
7697
4691
5408
3496
8087
4768
6783
4504
4991
8560
7602
5857
2639
5804
8186
2672
3178
8906
9986
3002
5800
4126
9757
3966
4862
9263
2488
7419
4499
2764
4056
7356
9722
3715
6955
8134
7385
2414
5695
5279
5146
9238
7737
4557
4778
6791
4820
6275
9633
7690
9731
4780
5331
9162
9596
5269
8914
2314
9138
6301
2879
3024
8739
9430
9398
6909
4084
6035
2678
3870
9837
3354
5928
6484
8373
6556
5431
5682
7399
9372
2616
2432
5378
4628
7026
8693
3448
4884
8035
8843
2818
2827
6589
4271
6663
8240
9615
2908
4092
8203
3404
3940
8960
7333
6110
4647
7077
8990
8244
8332
6287
3423
3142
7305
9864
5334
7550
5563
4026
2750
5794
7833
6579
4824
3993
9233
4944
5648
7695
6496
7922
9634
4416
4717
4305
9001
4612
8423
9650
8076
2263
3672
5450
3545
9132
8539
4568
4926
6862
3878
4431
7083
9526
3650
8381
6668
8260
6409
6312
4567
3618
4947
4323
8343
9194
8935
5256
7420
5016
9515
3782
7164
6726
5741
4811
3585
2150
2390
8827
4446
3159
3116
8378
5511
4302
9923
9303
2535
8744
4659
9895
3786
4553
8083
8234
5261
8211
2460
7268
3722
7089
2107
2813
8245
5341
7460
6404
8357
2278
8228
6467
5493
3651
4074
3472
9631
6458
4308
9409
9760
6762
8849
2431
8563
4011
4751
8044
6079
7964
9589
2467
8129
3928
2522
5230
8907
7746
5694
2993
5482
9329
4402
2293
3199
2196
4075
2969
3842
9436
7614
9378
7878
6752
3984
7273
6151
9280
3776
6156
9882
9199
4273
8866
2524
4639
8835
3395
6344
9500
6802
3979
9240
5923
7923
2309
6461
7800
5552
2172
6427
5755
8334
6662
7076
5947
6597
5575
7137
6853
2391
3508
7600
7340
5157
6435
2847
4349
4886
2571
5856
8471
8500
8936
8605
4930
8706
4583
4797
9465
4079
9839
9865
3032
6500
3133
2283
3153
6200
3657
4881
4536
7944
2272
4671
8932
4237
7861
4572
8266
2919
5869
5209
4060
7752
9879
4295
6990
2935
4289
2816
6979
7405
3946
7780
5870
7903
8104
7351
2398
6248
3275
8567
6160
6195
9145
9461
2507
4106
2665
9651
6758
9221
3851
6692
9335
3612
6476
5832
5121
7166
3755
2234
2026
6972
9072
4091
4656
2416
7739
6870
8082
3578
7742
2942
2800
7123
2881
5177
4793
2108
8522
5688
8648
4731
7118
9829
6683
4041
2884
6148
4085
2461
8389
4031
7167
4210
7132
3550
9463
2553
2152
7693
2191
8662
9924
6129
9369
6677
7753
4209
6900
7373
7041
6386
7354
4755
4645
7393
7409
2205
4587
5806
4800
7160
6713
8574
3185
9621
4027
3579
5547
2769
9108
6966
6021
9958
9205
7202
9367
2349
6543
8136
3749
8970
7139
6359
7037
3634
2031
7131
7492
4732
7377
6247
4272
8264
2509
8097
8599
3342
8708
6044
9404
3208
3901
7002
9341
2185
7972
3260
7729
2058
2712
6167
9750
7440
3351
6384
5452
7147
3773
7998
6694
5320
5988
8998
9512
3793
6709
8375
9840
7501
3356
6357
8691
7060
7999
8983
5591
6621
5776
2242
6098
2717
4893
7585
8675
9708
5430
6276
9653
3278
5374
2611
8834
4955
8445
2078
9974
6128
8642
2967
4657
5580
5363
4450
8819
9632
6158
6653
7036
3706
2118
4239
3198
6523
3805
4472
2708
5956
7711
4860
5617
7717
9894
8875
5854
4422
3109
5849
3981
8277
7375
5085
3774
7110
6781
4248
6885
3259
2649
3076
5697
3023
7509
8863
9445
5129
3247
5093
5306
3986
8616
9090
4620
4469
6466
9567
8710
4425
2119
6514
2358
5106
9963
6363
2481
6378
7159
6576
5145
9422
5473
5640
2666
8531
5247
5377
2926
7311
7218
7547
7731
6961
9935
4651
4128
8194
2449
5719
5661
5838
9814
8845
3415
9135
5013
4905
2643
5162
6197
2975
9587
8192
4216
6185
8311
7315
9069
3857
2302
8189
2288
4300
6871
5519
3680
6348
3442
5876
4545
3164
2549
5265
3304
4156
4285
2844
5618
7765
5029
4432
9607
7307
5590
8725
5944
3565
9785
3007
2199
2675
8358
8557
7794
7321
2623
4102
9414
7183
4745
5945
3427
8767
8436
4873
4922
5198
6396
3052
4259
4240
7897
7694
6917
3419
9380
3344
2117
9857
2179
8458
6504
3756
7993
4115
4895
3592
9200
7000
7236
9510
5963
6775
8383
2645
2954
6818
2116
5053
7573
5724
8109
8884
4543
8931
2427
7962
4281
3079
3992
6045
4752
5992
3358
4143
6627
6976
6967
3710
8477
3533
2591
5889
3779
4160
2918
6721
9677
7324
5252
7087
2785
9024
6655
5328
6104
9878
4596
8442
3593
4019
5500
3526
5861
9278
3205
9232
5199
8124
7428
7486
9869
7182
2572
4932
6202
9188
4715
3389
4925
8996
7959
2055
6857
7948
6433
2408
7388
6390
8052
7122
7652
7119
8520
5245
3349
7403
9853
6152
8149
5959
3875
9046
5726
9732
6420
6974
4188
2214
3129
5665
3107
4825
7088
5074
4175
2383
6451
9340
2114
7247
4608
7769
2036
3608
6012
2470
4928
7788
8925
7874
7704
4833
7643
3343
7664
6883
4669
2953
8382
9446
6038
3066
7443
7811
7152
9015
9701
3963
6215
7322
2471
5259
6799
3336
9573
4137
9884
2082
6606
9044
7303
4482
7239
7253
6834
9104
8230
9455
5581
7224
4078
4208
9261
2951
9323
7352
9506
5366
2888
8387
4053
7755
3895
6851
9259
4783
3525
6486
6793
4183
6637
4434
4697
3852
9848
4680
9740
6608
6773
5902
7854
7006
7233
5863
8769
6928
4942
7888
5844
7241
9775
6607
2352
5400
7590
3589
6954
9458
3457
2957
3341
8061
2237
8193
5496
6412
7748
5040
5352
2126
4896
6164
6281
5875
4012
7294
8942
6198
9250
2747
4136
8341
5185
4578
2582
5048
3373
8297
9147
2638
3411
7448
2224
4117
4054
3809
9981
6222
7630
5098
7799
9648
7865
5104
4487
8940
7101
8253
3654
6109
9777
6586
7289
3059
3831
3633
2701
8640
6172
6876
9581
2315
2863
6943
2181
7929
6353
6860
6666
6300
9451
8485
7892
9778
6540
3696
6040
2766
8321
8336
8670
2685
2249
8688
6244
5131
5191
9717
4974
8544
5086
3323
7214
8227
9728
2396
8402
2284
9209
3065
2709
8322
2494
9537
6146
2845
7078
5459
3225
3122
2796
5787
3960
8745
6153
5916
9376
6659
7095
7812
3506
5197
5458
6179
9371
5161
5437
8113
8176
2642
8239
9421
9713
2123
8285
6772
2601
4766
9813
5544
7421
3850
6419
8372
9946
8308
9413
5299
8431
9826
9994
2197
6642
8893
8434
9245
2899
6250
9405
9915
8799
9881
8259
7142
7540
4018
6177
9657
5020
4611
7447
5238
7710
8464
8327
3814
7175
9998
7953
4412
8608
7024
3741
9417
2851
5472
6454
6477
3586
3830
8949
7648
5915
8084
9091
3880
2624
7039
9546
9319
2730
6766
9357
3504
6736
4777
4948
2209
5769
8219
4712
2501
5812
7370
4443
2991
9139
3861
8114
7408
7327
4843
2056
2151
4699
4819
8060
7187
9076
4225
4359
6533
4185
7056
7836
5713
3847
2213
5002
3104
9880
5964
8702
6315
3980
6669
5410
2404
5720
7235
9947
2882
3316
9080
4484
6623
6810
2984
3456
4677
3102
2337
4286
5110
9373
9281
8677
7665
5567
5115
5749
3467
9709
6449
9383
2023
2045
3978
6601
5526
8656
9054
7185
7991
3251
6187
4633
6569
3184
9830
6246
4502
4598
4707
3743
9828
2452
4415
7016
9767
9210
8188
4178
8339
9966
3856
7886
5003
9183
8961
6136
5253
2255
9485
2808
8222
6432
7916
6255
2544
7528
7004
2783
3730
2253
8241
8015
7490
2657
3392
3953
8911
8558
2128
3012
9521
6936
2990
6741
7055
5445
2354
9590
4610
2716
9466
3982
7389
7192
8274
2346
3180
7208
4211
3197
2706
7747
4460
5335
4230
5896
5680
2889
9474
3576
3881
7919
4332
6656
9260
4746
8731
4202
5951
5937
7534
6356
6916
7343
4963
6452
9779
2124
8254
2120
2290
6690
7465
9025
4180
9499
5780
5240
2960
3659
3825
5840
9568
8926
3020
2781
9049
9659
7716
9861
9227
2254
3938
5420
8636
7825
3272
6490
2632
2211
8160
9190
3325
9424
5674
9480
2732
7484
9415
4227
4312
5663
4795
8247
7195
7990
9156
4288
3464
9965
8743
5008
2393
7766
4869
2936
5034
5159
3436
5705
3524
9842
2752
2341
2933
9611
3090
5035
4384
4581
3582
2502
8173
3187
8487
7206
3009
8987
9098
5517
2518
2400
2627
3288
6229
4937
7620
4498
3959
2313
7946
3017
8584
5394
2099
4758
2809
2565
5641
8107
9983
2612
5520
4429
5940
4859
6723
4235
7269
2438
7306
5317
2599
9239
7271
3162
4243
2824
9551
6318
7787
7559
3792
3718
6305
9203
4964
5091
5747
9386
4336
5194
3103
9391
3394
9746
2931
8333
3619
8803
5658
9933
4853
2004
5097
8345
8055
7045
9149
4619
4140
4483
5107
9827
2038
5340
6295
2454
5117
6992
2687
8556
7714
8595
6434
2997
3517
3046
9382
2580
7518
3682
8115
6272
7275
3105
5834
3386
3750
5666
4686
6475
3455
5683
2319
9111
7140
7899
8037
9107
8904
8537
7995
7286
2110
7318
3595
5046
2528
9063
6611
5491
2489
6205
3262
6892
4045
8069
6682
8100
7189
6534
6426
4256
4089
7334
2498
4987
7105
6887
2630
2727
7906
6557
6494
5624
7256
4986
3269
3022
5925
4931
8370
4798
2560
5761
5305
6273
5933
8459
8908
5281
7723
8594
6925
6573
3775
7667
2542
3113
6194
9706
7771
9698
8501
6089
3638
8151
3990
4938
7020
8510
8684
7581
9070
7560
9109
4451
4539
8793
3264
4575
5183
8963
3828
8933
4993
7357
9599
5108
8291
4804
7592
8202
5927
4827
8008
7596
3189
2733
2575
9285
6415
9006
7668
8444
3425
8293
8865
5009
8047
6730
4284
2221
5214
3246
6905
5286
5192
4440
5568
5204
2405
9003
7680
9045
6147
2688
9730
7980
6294
3444
2486
6806
9877
4920
9439
4050
6471
4314
5782
7661
9018
2699
7207
3794
3087
8930
8846
3146
9854
6510
9654
2062
2540
7910
3893
6140
9073
6612
4123
6062
6031
6274
7891
6564
2465
8422
9644
2886
3154
7967
3000
4144
4168
6599
5939
8303
3069
9875
2626
4436
2770
5033
6015
3787
5105
9528
8407
7725
5659
6833
5249
9787
8614
3513
3952
3462
8491
2567
3838
9253
6641
9622
3477
4181
5801
8066
5045
5770
8894
2419
8692
6671
8361
7308
5792
7184
2381
5019
3906
8167
2846
5350
9403
9083
5067
9888
9361
4199
4681
9795
5039
3158
2216
8565
4269
3352
3232
7863
9610
6708
5613
8967
2862
9153
7266
7564
5231
4838
8232
4162
7531
7814
3372
5302
4375
7994
7911
7818
9993
2756
4761
2375
9872
4372
8673
9159
2887
4501
9547
7840
5599
7841
8220
5909
5094
4773
2834
8335
8276
2140
7839
4670
7500
8937
2158
9079
3192
2457
2204
9460
6259
7442
4392
3339
3004
9191
3768
2702
3498
4625
6527
9320
2871
4551
4538
5709
4513
4627
4122
2939
6026
9542
4032
2334
8379
6239
3027
8624
3494
9899
7196
6782
5906
2779
2053
7822
2068
8062
2923
5523
7974
8226
6784
4594
8309
4668
2144
4733
7629
6634
2141
2411
2473
9975
5066
7515
9494
8532
9604
8956
7512
4350
2071
5864
4365
2825
4458
8319
5633
9548
9949
5438
3908
8919
6230
5235
6382
4913
5583
9800
6088
5545
9473
4411
5721
8577
3117
3177
7150
4534
3300
3867
4058
4234
8163
3367
9301
8092
4358
7220
3151
2661
2595
5485
9893
3061
9961
5664
7852
5075
5708
4737
3378
5024
3965
9574
2080
9890
7579
6321
3453
5576
9484
8280
8686
2472
6872
2647
8772
7265
3048
6478
9035
5961
3523
6095
7391
4357
2720
4906
4298
8550
8529
3088
3426
5975
7287
5852
3139
4423
6581
4646
3296
3285
8993
8657
5692
5503
4036
9776
8944
2348
9176
5759
5605
7154
8785
8169
3279
4749
4441
8059
6327
4665
6069
7536
5397
8267
9268
8020
7386
7027
3519
7905
3837
8261
8090
8498
7611
3820
4333
9556
6176
6848
9216
3824
3417
6714
3677
2523
3268
4908
8695
8784
3735
5195
8009
6946
2705
4477
6217
9384
6473
5994
2843
4442
8058
7885
6395
7896
5233
2127
5635
8679
2635
6585
3996
4396
7330
5549
5768
9808
5333
7791
5676
9189
7259
7557
3128
3514
4399
5017
6931
9900
3374
8340
8248
6166
8588
5518
8915
6640
4637
7080
7506
6020
2101
9431
3333
7508
2835
8170
9593
6738
2585
2453
7582
4848
8161
2159
8177
4506
5220
3941
7297
6393
7857
8892
2353
8741
5619
9192
6927
2857
6142
9513
7135
2435
3108
8858
5570
6024
2495
9410
6570
5723
9433
3737
7415
7524
6291
8947
9117
3532
5610
6920
5392
6350
7227
2761
5021
6220
9068
7807
8004
7270
8489
3691
6854
4354
5212
7988
8460
2868
7621
8530
5515
8070
9441
2670
5736
4197
6751
6342
5637
4728
7434
9734
6389
5216
8946
6183
8360
9164
4476
2300
5411
3077
7125
3474
8283
6558
5930
8362
9163
8112
9354
2359
9507
9038
9122
3239
5236
3072
9806
6915
5413
5368
2617
5243
5954
4495
7930
8997
4200
5385
6402
5058
7070
9729
2921
4939
3258
8346
3015
7662
3228
2746
6394
4742
3686
4163
7961
2034
2526
9119
4255
2076
3353
2436
7345
4192
2775
9636
7469
6987
3645
3371
5448
8841
5513
9540
8300
5078
5353
4231
6218
9021
6737
4507
2122
5064
4111
7726
6968
8315
3039
5621
5546
2545
9755
8384
9970
7682
5829
2890
5061
3335
3130
4901
8521
2620
6907
3999
6542
2604
2828
9321
6163
7489
2434
4635
8820
7397
8295
7359
3312
2892
6839
9702
2328
5566
5628
8639
7163
4206
4570
7186
7673
8814
6757
8571
7641
7813
9308
7178
3934
9550
9897
9925
8456
3675
7191
6831
4559
9928
3537
9488
6996
6211
4066
2042
4589
3071
7955
9613
7743
5531
8209
6912
3664
5786
4172
7410
5443
6749
2519
3051
4725
9773
2980
3274
5884
6398
2749
2695
6761
7917
7782
2260
8217
8033
9348
4204
4864
4519
4438
8627
7023
8235
6574
5949
9324
3522
5952
9082
9851
7781
9416
7277
5218
8541
8718
2674
4849
7692
5336
5880
5222
6577
6914
5100
8704
7902
6703
2028
9948
9825
6649
2640
3564
9390
8493
5752
8206
9534
2693
6863
5189
4779
3626
7414
9311
8800
9007
7452
9491
3609
9565
2554
6520
5171
2345
5634
3073
8878
3118
7433
5936
5390
9912
2739
4081
2736
2578
8604
6042
4338
6238
5271
7394
3254
3480
9236
7441
6886
6549
8006
9520
2551
4999
6383
2723
2985
7932
2382
3211
7927
4588
5888
9753
9197
6228
9213
4145
7622
8562
3983
2891
9736
5926
9489
9602
3135
5582
8797
7909
5468
6260
3713
9298
5327
3120
4005
3580
8465
8208
8735
2924
8597
3689
7846
4094
6906
7177
3606
3891
8701
7349
5772
2870
3747
5862
8829
8678
6888
5606
4475
6592
3520
9039
7339
5815
2276
7365
6099
5592
6119
8533
5088
5068
3328
8593
8099
3106
3836
6226
7810
5178
6027
6750
4345
9689
7363
4215
9501
4609
8086
5739
2146
6192
3284
3961
2573
3719
7467
9394
8182
2784
4001
7572
9005
6913
3433
7642
4856
8969
9833
2420
8094
8654
4967
9118
6338
7485
9847
7890
3832
2262
3114
9363
4877
7973
5242
2977
9841
7471
2527
8023
2832
3281
5287
9951
2880
3127
4666
6630
3926
4541
9990
8301
6650
4043
8586
7048
9161
9822
5321
6460
6493
7732
7278
4388
4219
7936
6008
8902
6203
2499
3613
2482
6593
2430
4331
6800
6227
8454
4022
8755
9472
3919
3754
4940
5816
2956
9103
4866
4855
8447
2206
5294
9337
7296
7094
4661
8041
9486
8273
4096
4654
9549
8157
2874
2279
7954
5886
3668
4721
6313
8809
3465
8515
2417
4605
3738
4146
3242
5380
8478
3629
4405
9663
3632
8689
3995
6613
8386
7368
9293
9292
9927
3497
4740
5225
9609
2333
7521
9399
8427
9823
5208
6139
8746
6565
8889
6499
3190
4764
5206
8505
2949
2810
3641
9011
9167
5805
6753
5808
6951
5166
2755
5670
9794
8238
6178
8705
7856
4250
6699
3209
3169
7019
7084
7422
9855
4346
6998
8645
5699
5467
4303
2815
3683
9930
5215
6629
8294
7424
9057
8195
2945
4897
5398
7986
8694
8658
5957
6647
9497
9640
3045
4457
9255
2200
2357
8095
9902
2900
6763
2067
4130
9723
5151
5111
5686
5999
6091
5965
4835
5685
6303
4673
4614
9393
3780
3769
8355
6838
8403
5123
5754
5457
2850
3273
3744
7760
2660
4456
4882
9737
4370
7855
7180
9727
6702
4503
8900
7473
9678
3194
9539
8697
9031
4353
6969
3479
3812
7109
3181
7594
9786
4418
3563
6603
9059
5315
3732
4624
5846
2324
2839
4417
5855
8437
9530
7495
7837
2904
4217
3420
4996
9171
6465
6283
2830
8027
3862
7623
3917
8371
8367
4817
3183
7939
6468
2162
7015
2138
7589
8801
7028
9295
4118
6821
7798
2409
9600
8955
3324
8591
4629
4748
4276
5313
8575
4024
3887
2500
9365
7372
3909
6051
9328
2741
2594
3970
6743
7043
3603
9012
8179
6722
5538
7293
9738
2176
2049
6292
3055
2561
4529
2275
3490
9313
5586
9617
5474
5384
8823
3590
8888
6254
7439
8868
6224
5516
7085
4304
8568
8957
4514
5996
9442
2008
8328
6455
6501
4378
9561
4830
3936
8184
4907
3243
3888
2247
9796
9749
8453
8417
5677
9179
9175
7561
9571
9693
3340
8552
5391
2917
2805
6790
6505
7384
6971
6028
2866
5569
5774
9836
4213
2548
5221
6100
9177
8628
6614
3283
8637
5210
8461
9343
3663
9284
2579
5645
9821
8732
6934
2531
9891
2751
5989
4726
3575
3969
9123
6333
8844
8566
7107
7607
2826
9716
6877
7050
4532
5156
7889
8948
9781
8159
5201
6924
3050
9679
5551
7449
5134
8777
9395
3086
3807
3973
7895
3760
9129
9218
5425
9904
7413
3238
8984
6811
4805
6269
2478
8854
8923
4294
4471
2941
5012
2927
4261
6850
7071
4268
3797
3698
6286
5011
2726
4107
4258
9922
8968
8775
8318
2134
8021
2483
6517
4342
9077
2047
6813
9224
7920
3418
9511
5998
3625
8838
6820
3948
4212
9050
2373
6795
7750
7200
3688
3266
8635
4765
8043
6882
8011
3003
5047
7568
3892
6144
5292
2189
6430
8457
3322
5616
5120
4004
4427
3252
9674
6605
3383
4492
5005
5725
5874
9909
8543
5895
5760
2648
3475
5700
6878
4706
2016
2433
8540
4898
5447
6325
6665
7128
5905
3658
9457
4709
4914
6407
8496
5147
6212
9013
6552
3568
9075
2048
7173
4626
2704
2154
8475
7734
9588
5765
9769
9356
5604
7156
2968
8225
4690
8110
6598
5764
9300
4842
9623
4205
6796
8671
3206
3708
3126
4186
6121
7735
8587
4034
5900
3920
2690
9438
2468
4983
7992
9789
7844
2044
6077
8502
4260
8909
4328
7925
2822
3621
6159
7407
6078
7672
7578
3853
7685
6071
7216
8824
3091
7100
9629
2184
6717
2458
9665
9955
4617
3384
7784
9504
6805
7795
8699
9187
3060
7193
4521
2332
8337
5690
5041
7625
5311
8135
5971
7983
8696
9676
7199
4347
6712
3424
8289
3630
9178
2963
7223
3931
6532
7383
9181
3195
8171
2091
6391
9017
8377
6725
9423
7228
4371
2367
7681
6801
6207
6529
9062
6568
9694
8354
5361
4595
5920
8392
3997
4837
3193
3450
5509
4667
8848
3074
3923
8766
9137
5548
4850
8231
7237
6616
3098
2541
4769
2445
7654
4683
8025
6360
5087
7387
5744
9116
2744
9771
3136
5701
3282
2774
8758
5244
8674
7260
9989
2742
5532
8929
4141
8390
5466
9420
9242
7362
9490
6084
9204
7499
2776
3781
9997
7817
6551
4198
3816
2556
2811
3622
3327
2444
3913
8484
2246
6930
9576
6400
8218
2673
6157
4167
5614
3233
9154
4251
4977
5948
7670
8495
4767
4474
4120
8979
9770
2865
8251
8873
4426
8736
7701
7705
9060
9029
5163
9938
4889
2103
8927
3562
2252
9920
6080
8421
9931
8600
4738
9696
6067
3886
8246
9967
5083
6290
4114
6416
7262
5835
7381
9345
3295
3694
7097
7457
4238
3134
9130
4419
3801
8559
2669
7523
9470
3717
4888
3101
8714
5525
7172
2258
9652
9898
6074
8207
6149
7778
6446
6050
2491
3676
6293
2913
2909
5383
2256
4547
9624
2095
4593
9577
6083
2340
8649
5099
4270
2269
4257
2788
6822
6201
2039
7411
3163
5809
8602
6154
2241
5285
2412
4033
1111
7583
6469
3898
7068
8365
4373
8071
5785
4380
8249
3402
6628
6463
7482
8122
5868
4685
6720
3871
4195
7051
5707
3858
3035
8989
9764
4067
3099
4042
2476
9858
5025
9452
8263
3037
7532
7005
5007
4190
2105
8886
2914
7304
7554
9043
4343
4787
5300
4509
7940
9953
3602
2510
2280
8275
9584
3800
4600
8891
4816
8224
2564
9859
9802
9982
2721
3040
6431
7040
5657
6768
9332
7868
4381
2368
6368
4394
9429
6664
8040
7258
4561
9937
3925
7219
6347
5828
4935
3662
9305
8802
5461
4099
7601
6903
6898
9579
4465
3736
2973
8201
3597
5456
3728
8836
5343
9973
8486
3531
8050
4223
9583
8995
6366
7548
9047
4894
9086
8953
9143
4142
9435
9243
2364
4184
8898
5564
9364
5919
6544
3767
9172
5290
9597
3489
3527
9094
7773
6787
7851
8374
5756
3724
8740
9217
6032
9061
8119
4631
9102
5160
2895
3958
8752
3667
9081
2799
5071
9201
8880
4063
7197
2684
5153
5139
7344
4101
8999
9084
4493
7353
2757
4104
7072
4070
3485
2418
7975
4262
9055
3972
2161
8723
4845
3712
3038
8200
2817
8287
7758
2988
9318
7129
4228
3016
5137
5631
3511
6047
8764
8726
5175
5282
9151
5527
8856
5650
8663
8049
2233
5556
8650
9733
3458
7406
7996
6985
5260
3778
3231
9408
6373
5991
8010
3684
7533
5841
6519
3245
5103
6022
5630
9010
4576
2946
7171
6085
8776
3701
9142
5969
6610
5207
6706
7627
5307
4868
3685
7498
6092
4355
7400
7108
5470
8641
5042
8330
8651
6959
5127
6804
4854
9807
7527
3835
7914
3900
3922
3248
4695
7978
8720
5406
7928
9207
4981
5462
2401
8455
5745
4398
6309
5763
4496
5691
7497
5478
9670
4989
7255
8080
6011
4387
3918
4951
7688
8174
2737
3460
6005
9977
4301
3314
4972
4701
9525
8859
6566
7126
7720
5978
3588
2897
3660
7086
8038
8039
5807
7229
5169
3577
7745
9780
7106
9299
8524
7941
4523
2463
2343
9008
5540
2086
5181
2663
2170
5818
8659
8813
2281
4615
6947
5629
7677
7468
6980
9801
7626
4623
7514
9166
4448
4064
7804
9193
6370
6984
5679
3674
5839
5603
4021
4810
4393
4207
2662
8191
8103
9761
8828
4360
8185
5833
4125
9291
2306
7367
8368
5611
4802
9635
9396
4976
8715
9113
2448
5152
8406
8438
6039
6101
2441
3669
6134
8388
4525
2860
2312
6150
5609
7069
9144
8549
9360
5831
9867
3119
3868
7820
9707
2878
6125
4744
5594
8017
2794
3152
3627
9493
4177
9140
5022
3403
6678
9400
7426
7639
2831
6168
9208
9605
9642
3132
5681
2322
9527
7741
6186
2959
9838
6459
5239
5314
2602
5766
3661
8271
4203
8669
7194
5643
5860
6340
5128
5537
9984
4351
5031
4518
8323
7790
5258
8286
9896
4044
2603
5351
7628
8131
2943
4678
5059
8441
3081
9066
9322
3883
7114
8920
6006
4705
4516
7761
3556
8580
8414
9959
8349
8229
7644
8178
2046
6214
6349
4348
6901
5819
7476
9531
6858
7853
8626
9085
3785
7775
6940
4652
4865
5950
6705
9695
2376
4602
9816
7593
6135
6316
7610
3483
5620
3277
4730
6688
2065
4039
5584
7011
3443
2389
3043
2994
3409
4692
9157
8837
6056
9614
6812
7217
8252
2377
8420
9265
9572
8117
4663
4313
6319
9302
5362
2715
3643
7021
6865
8623
4077
2005
9125
9517
7157
4462
5885
7046
7257
2740
2912
3036
7958
2022
3561
5837
8611
5312
2618
6034
6133
5373
4236
3885
8601
6864
3034
3543
4361
8430
9146
3839
6329
2156
9812
7545
6162
8680
5693
2174
8666
6232
4341
2351
5196
4009
7764
7616
6578
2163
5573
9735
3804
2030
3987
2384
8748
4788
4586
4490
8001
9595
7985
8780
9586
4801
9096
2379
9002
7792
5190
5304
2013
3644
7525
9620
2052
2543
6374
5038
8934
6632
8412
6733
5973
7666
2240
4508
2133
2089
2606
9251
9235
9988
5962
4813
9684
2429
5751
7025
2925
7873
8404
6918
6130
7342
3845
7679
7603
2600
3518
7364
5405
7474
7575
7537
5018
2966
4956
8391
8190
6388
5154
3897
2304
7884
2226
9721
7017
3653
8077
2326
6173
6204
8982
3309
7347
7676
2791
2996
8536
2250
7965
8672
5561
3771
3014
3302
6675
2521
3431
8243
4113
9174
2696
8470
8268
7201
4035
4356
5319
4307
7827
8546
7188
9903
4563
5463
2610
9913
5241
5471
3866
2010
6891
7379
2228
3253
6676
4109
9585
3337
4435
4579
9523
3053
9626
3241
4311
7430
5276
7458
3376
2485
3764
8534
6681
8620
6299
5337
2950
9724
4710
9087
3155
5434
3440
3449
3100
7558
6770
4574
2402
6184
6075
2369
6351
5514
7127
3111
5346
7669
6371
4479
4995
2894
6081
4887
9440
6997
6352
7587
3405
9926
7254
4649
7842
2837
2787
2797
5309
6890
2864
3770
8288
4815
5436
3752
4909
5217
4763
7063
9690
6233
9905
2668
6814
9592
5553
5646
5124
7631
2407
9832
3021
3904
3646
8212
8068
5542
7099
7382
7866
3305
4950
8855
5757
7715
5638
5113
7881
5494
3255
9790
3085
3731
4100
4658
4971
4876
3716
3330
3019
4165
8994
5050
5898
3140
8750
3188
3387
4028
3907
5722
4874
3989
3535
5202
2872
5358
7646
8472
9304
6596
2593
6660
8281
6830
4135
2202
9516
5883
2271
6861
4700
9495
3030
6526
9960
6902
7699
3031
5266
8128
2718
5044
3110
6847
7148
2964
8951
8424
3057
8450
2940
4409
8598
5740
7232
8615
8555
6053
7571
4297
8046
9788
3486
7526
3487
5488
9352
7281
5132
7858
4453
9307
6602
9036
8564
4590
5180
7279
4696
2035
2061
9638
6046
2513
9195
5232
3872
9317
9023
7149
6528
8127
8774
8482
7102
7544
9315
7282
8325
8727
2385
6375
7319
8296
6897
3200
6361
5076
3819
4007
6405
8901
4564
3542
5917
6341
7722
5224
6622
5966
9685
3221
2229
6938
6328
9220
3398
6209
4918
5578
3505
2291
8433
6869
8313
4124
5072
9710
7934
4152
6297
5455
6829
8513
3631
5644
5182
6369
4296
2371
2397
2395
6440
2426
6734
2212
7031
6265
8304
7091
9744
7831
3220
2292
4770
9180
3510
3707
3581
8682
6910
7248
4720
9160
3803
5481
9743
5536
7376
6731
7374
5560
4550
3318
3821
3473
9941
2006
5791
4068
8526
3315
9100
8405
3013
5851
5487
6103
4644
4814
5205
7288
8722
8817
2289
6615
3414
6320
9996
4008
9686
9254
6539
5865
2136
4818
6530
5422
9389
3210
4214
2492
6710
7075
4554
2683
9241
6423
6376
8554
2406
2569
9397
4408
2073
4221
8850
8204
8158
3571
4743
2203
7845
8051
6624
9992
7824
7054
9766
3143
8583
2508
2355
4491
7511
2002
4315
8872
6270
3334
3823
6219
4962
9051
7329
9969
6691
8542
8805
6809
3955
4290
6013
5187
2976
9569
6724
8719
3161
3636
2024
9248
6061
5054
3766
5441
2998
5109
6999
2636
6330
4246
9258
6210
6182
5395
4278
6064
5627
9944
2462
4839
7487
8700
4870
4057
7325
9492
3947
9148
3849
9286
5293
8032
4292
7949
6884
2511
2380
9447
9580
8393
8713
2439
5717
3882
4622
7323
7556
2166
6957
9467
3711
2504
2547
6958
5784
2748
5990
2003
7284
3355
3623
7510
8048
4851
3567
4982
6707
4428
8351
3054
7313
8831
9681
7830
9287
6759
6175
7606
4252
7418
8439
8012
8153
3377
4704
6118
5010
2869
7933
5842
7768
6188
2597
2506
9700
8810
5027
2974
3796
9064
8630
7634
9522
2232
5056
4923
9058
6264
4277
6942
6016
6001
2143
2317
5288
7231
2070
5272
2512
6506
8022
6141
6063
7358
5082
6377
4322
5878
3916
8130
9333
3338
4872
9594
2637
7014
4638
6952
2190
7190
3877
7982
5668
6541
6410
4599
6836
6893
5565
4834
9131
7719
5172
9870
4952
2962
2658
2195
3170
8634
6815
3428
4430
7436
7785
5737
8451
6970
3329
6646
9856
7491
5810
2586
5797
4086
3541
7477
5234
3459
2700
2840
3094
3515
2459
3647
3290
7488
6696
6715
9028
7803
3250
4046
7244
4990
5365
4318
9290
7727
2853
6937
4121
8607
3727
5277
9752
9481
8468
7461
9418
9962
2422
9844
9519
2421
4017
3762
9683
7341
7480
6030
3574
4061
8329
6268
4362
4158
3991
8353
5703
2725
9041
7663
7770
8899
8527
8198
4911
8511
5735
7165
8111
2182
2719
5929
7250
2992
2450
6859
4377
8140
2231
9591
5651
6509
4775
2139
5903
3583
6827
5084
9127
4182
5442
4013
3503
4037
8954
4020
3932
5453
3408
7828
8783
5407
9425
6199
5750
7210
8821
4366
2360
6495
8910
6546
2711
7226
8133
2656
4812
5014
8709
3121
4420
7744
7033
5006
3976
9950
3267
4069
5416
6482
5667
4015
3912
7066
8003
5877
9158
2971
3553
6401
4249
3935
8410
8106
4424
5932
6636
3810
4191
3860
8074
6776
7309
2659
4421
8483
2270
8063
7915
8852
3263
4724
5913
3115
5158
4634
4821
5974
5015
8499
4154
8509
2590
2100
7963
4127
8890
5360
6055
7829
7816
7636
4093
4321
3412
7395
8988
6213
2654
9048
5597
6421
2735
4176
7404
6472
4979
8298
2574
8941
8143
5133
3368
4344
9887
8175
2273
8072
3445
2514
9032
7283
5983
4809
9339
4968
9666
9619
9532
6408
2480
6073
5323
3521
2366
7390
7981
6778
3628
6065
3516
7783
6993
2267
4958
9673
6866
2155
6387
3226
5165
4330
8488
9385
3084
8621
5524
6131
7292
3319
8449
5847
6950
5908
7921
8851
3956
2651
8331
5155
3366
8443
5798
6953
3008
4401
4569
7310
8490
9185
4108
5977
3492
5859
9793
8045
3058
2876
8101
7538
5778
3446
2236
